sen_id	gold	dev_gr100_all	dev_gr200_all	dev_grRND_all	gr100 - gold	gr200 - gold	grRND - gold
0	4	1	10	2	-3	6	-2
4	2	10	10	1	8	8	-1
6	1	8	10	4	7	9	3
7	1	6	3	8	5	2	7
8	3	4	10	2	1	7	-1
11	1	4	2	2	3	1	1
12	4	10	10	2	6	6	-2
16	1	10	10	4	9	9	3
17	3	2	10	3	-1	7	0
20	4	5	10	2	1	6	-2
24	9	10	9	5	1	0	-4
33	4	8	10	3	4	6	-1
37	1	2	6	1	1	5	0
38	2	1	1	3	-1	-1	1
40	1	1	2	1	0	1	0
41	1	1	4	4	0	3	3
42	1	10	10	3	9	9	2
43	2	6	1	3	4	-1	1
45	1	2	5	2	1	4	1
46	2	1	10	3	-1	8	1
48	2	1	3	4	-1	1	2
50	1	1	1	4	0	0	3
51	1	1	10	4	0	9	3
52	1	7	10	1	6	9	0
53	2	3	10	3	1	8	1
55	2	1	2	3	-1	0	1
57	1	6	5	1	5	4	0
58	1	1	10	1	0	9	0
59	3	1	2	2	-2	-1	-1
62	2	3	1	1	1	-1	-1
64	3	2	10	2	-1	7	-1
67	2	1	1	4	-1	-1	2
69	2	9	10	1	7	8	-1
71	1	4	6	1	3	5	0
72	5	10	10	4	5	5	-1
77	4	4	10	2	0	6	-2
81	3	2	3	2	-1	0	-1
84	2	1	10	2	-1	8	0
86	1	4	10	2	3	9	1
87	3	1	10	1	-2	7	-2
90	1	10	10	2	9	9	1
91	3	1	6	3	-2	3	0
94	1	2	10	1	1	9	0
95	3	2	2	3	-1	-1	0
98	1	1	1	1	0	0	0
99	1	2	3	1	1	2	0
100	1	1	4	1	0	3	0
101	3	2	1	4	-1	-2	1
104	1	1	1	5	0	0	4
105	2	2	2	1	0	0	-1
107	3	4	10	1	1	7	-2
110	2	1	10	2	-1	8	0
112	2	1	1	5	-1	-1	3
114	1	6	4	2	5	3	1
115	2	1	2	1	-1	0	-1
117	1	6	4	1	5	3	0
118	2	2	10	2	0	8	0
120	3	1	2	5	-2	-1	2
123	1	2	10	2	1	9	1
124	3	2	3	2	-1	0	-1
127	1	1	3	1	0	2	0
128	2	10	10	1	8	8	-1
130	1	10	4	5	9	3	4
131	2	2	3	6	0	1	4
133	1	1	1	2	0	0	1
134	1	1	1	2	0	0	1
135	2	3	4	5	1	2	3
137	4	2	3	2	-2	-1	-2
141	2	2	1	2	0	-1	0
143	2	1	1	1	-1	-1	-1
145	1	1	3	3	0	2	2
146	1	1	3	1	0	2	0
147	1	5	6	5	4	5	4
148	1	2	1	1	1	0	0
149	2	10	10	1	8	8	-1
151	2	10	10	1	8	8	-1
153	2	3	1	2	1	-1	0
155	2	2	1	1	0	-1	-1
157	2	2	1	2	0	-1	0
159	2	1	10	2	-1	8	0
161	2	1	4	3	-1	2	1
163	3	10	10	1	7	7	-2
166	1	3	10	4	2	9	3
167	3	2	3	2	-1	0	-1
170	4	1	10	3	-3	6	-1
174	2	1	9	2	-1	7	0
176	1	1	1	1	0	0	0
177	3	3	7	2	0	4	-1
180	1	3	3	2	2	2	1
181	2	2	2	2	0	0	0
183	3	3	4	1	0	1	-2
186	3	2	1	1	-1	-2	-2
189	1	3	3	2	2	2	1
190	1	10	4	2	9	3	1
191	2	1	1	1	-1	-1	-1
193	3	1	2	3	-2	-1	0
196	2	1	1	1	-1	-1	-1
198	1	1	2	2	0	1	1
199	3	10	10	5	7	7	2
202	2	2	7	3	0	5	1
204	1	1	1	3	0	0	2
205	3	2	10	1	-1	7	-2
208	1	1	1	1	0	0	0
209	1	2	10	2	1	9	1
210	3	1	4	2	-2	1	-1
213	1	1	3	1	0	2	0
214	6	2	10	2	-4	4	-4
220	3	2	10	1	-1	7	-2
223	4	1	10	4	-3	6	0
227	6	10	10	2	4	4	-4
233	5	3	3	4	-2	-2	-1
238	2	1	3	2	-1	1	0
240	1	1	1	2	0	0	1
241	1	10	3	2	9	2	1
242	3	1	9	3	-2	6	0
245	4	3	4	2	-1	0	-2
249	1	10	8	2	9	7	1
250	4	2	6	2	-2	2	-2
254	2	2	10	1	0	8	-1
256	5	6	10	2	1	5	-3
261	6	2	10	3	-4	4	-3
267	2	2	1	1	0	-1	-1
269	5	2	10	1	-3	5	-4
274	1	3	6	2	2	5	1
275	2	1	10	2	-1	8	0
277	1	1	1	1	0	0	0
278	1	7	10	1	6	9	0
279	1	2	3	2	1	2	1
280	2	2	3	2	0	1	0
282	1	3	4	2	2	3	1
283	1	6	10	3	5	9	2
284	1	3	1	1	2	0	0
285	4	10	10	3	6	6	-1
289	4	1	10	1	-3	6	-3
293	2	1	10	4	-1	8	2
295	2	3	2	2	1	0	0
297	2	3	10	1	1	8	-1
299	7	10	10	3	3	3	-4
306	2	1	10	1	-1	8	-1
308	3	2	1	4	-1	-2	1
311	2	1	2	3	-1	0	1
313	2	10	10	4	8	8	2
315	3	4	10	2	1	7	-1
318	1	2	1	3	1	0	2
319	2	10	10	1	8	8	-1
321	2	2	3	3	0	1	1
323	2	3	10	3	1	8	1
325	2	2	2	4	0	0	2
327	1	1	10	2	0	9	1
328	1	2	5	1	1	4	0
329	4	4	10	3	0	6	-1
333	2	4	10	1	2	8	-1
335	1	1	1	2	0	0	1
336	2	2	2	2	0	0	0
338	2	2	7	3	0	5	1
340	4	5	10	2	1	6	-2
344	1	1	1	1	0	0	0
345	3	1	7	1	-2	4	-2
348	2	10	10	2	8	8	0
350	1	9	3	1	8	2	0
351	1	1	3	1	0	2	0
352	4	2	1	1	-2	-3	-3
356	1	2	1	2	1	0	1
357	4	1	10	1	-3	6	-3
361	3	1	10	6	-2	7	3
364	2	1	10	1	-1	8	-1
366	2	2	2	3	0	0	1
368	3	3	10	1	0	7	-2
371	2	3	10	4	1	8	2
373	3	2	10	2	-1	7	-1
376	3	1	2	1	-2	-1	-2
379	1	1	2	1	0	1	0
380	3	4	1	3	1	-2	0
383	3	1	3	2	-2	0	-1
386	1	4	1	1	3	0	0
387	1	1	1	4	0	0	3
388	2	2	1	4	0	-1	2
390	4	1	10	5	-3	6	1
394	2	6	10	2	4	8	0
396	3	10	10	6	7	7	3
399	3	10	10	1	7	7	-2
402	3	10	10	4	7	7	1
405	1	0	10	1	-1	9	0
406	2	3	10	2	1	8	0
408	4	1	2	2	-3	-2	-2
412	2	10	10	1	8	8	-1
414	2	3	10	2	1	8	0
416	3	7	10	3	4	7	0
419	5	10	10	3	5	5	-2
424	1	1	1	1	0	0	0
425	4	10	10	1	6	6	-3
429	7	10	10	1	3	3	-6
436	4	4	10	2	0	6	-2
440	1	1	1	2	0	0	1
441	1	10	4	2	9	3	1
442	4	10	10	2	6	6	-2
446	2	3	1	4	1	-1	2
448	4	2	3	1	-2	-1	-3
452	1	10	4	4	9	3	3
453	1	6	10	1	5	9	0
454	3	1	6	1	-2	3	-2
457	3	2	10	1	-1	7	-2
460	3	1	8	2	-2	5	-1
463	2	4	10	2	2	8	0
465	1	2	10	4	1	9	3
466	3	4	8	2	1	5	-1
469	2	2	1	2	0	-1	0
471	1	3	2	5	2	1	4
472	2	3	10	1	1	8	-1
474	2	1	1	5	-1	-1	3
476	3	4	10	8	1	7	5
479	4	10	10	2	6	6	-2
483	2	1	3	2	-1	1	0
485	2	10	10	3	8	8	1
487	1	4	10	5	3	9	4
488	2	1	1	1	-1	-1	-1
490	5	8	10	2	3	5	-3
495	2	10	10	3	8	8	1
497	1	5	10	3	4	9	2
498	2	1	3	1	-1	1	-1
500	1	1	2	1	0	1	0
501	1	3	1	4	2	0	3
502	1	1	10	5	0	9	4
503	1	3	2	3	2	1	2
504	1	3	10	2	2	9	1
505	1	1	10	1	0	9	0
506	2	4	10	1	2	8	-1
508	2	10	10	1	8	8	-1
510	1	1	1	2	0	0	1
511	1	1	1	1	0	0	0
512	4	1	5	1	-3	1	-3
516	4	1	6	2	-3	2	-2
520	4	10	10	2	6	6	-2
524	9	10	10	2	1	1	-7
533	2	2	1	3	0	-1	1
535	3	4	1	3	1	-2	0
538	7	3	10	2	-4	3	-5
545	2	6	1	3	4	-1	1
547	2	2	1	3	0	-1	1
549	2	2	10	1	0	8	-1
551	2	6	4	1	4	2	-1
553	5	1	10	5	-4	5	0
558	2	2	9	2	0	7	0
560	1	1	3	2	0	2	1
561	2	10	10	2	8	8	0
563	3	4	10	4	1	7	1
566	3	2	2	5	-1	-1	2
569	5	10	10	5	5	5	0
574	2	1	4	1	-1	2	-1
576	2	6	10	1	4	8	-1
578	1	4	10	1	3	9	0
579	4	2	10	5	-2	6	1
583	3	1	2	3	-2	-1	0
586	1	6	4	4	5	3	3
587	2	6	3	1	4	1	-1
589	3	1	10	3	-2	7	0
592	3	1	10	3	-2	7	0
595	3	10	10	2	7	7	-1
598	1	1	1	1	0	0	0
599	1	3	3	1	2	2	0
600	1	4	3	1	3	2	0
601	2	10	10	3	8	8	1
603	1	1	2	5	0	1	4
604	1	2	1	2	1	0	1
605	1	1	1	2	0	0	1
606	1	1	1	2	0	0	1
607	5	2	2	2	-3	-3	-3
612	1	3	7	4	2	6	3
613	2	4	4	3	2	2	1
615	2	6	10	4	4	8	2
617	1	3	2	2	2	1	1
618	1	1	1	1	0	0	0
619	2	1	3	3	-1	1	1
621	2	3	10	2	1	8	0
623	2	1	1	2	-1	-1	0
625	2	2	1	2	0	-1	0
627	3	1	4	3	-2	1	0
630	2	1	9	2	-1	7	0
632	1	4	10	3	3	9	2
633	2	1	3	1	-1	1	-1
635	1	2	10	4	1	9	3
636	5	2	2	3	-3	-3	-2
641	1	3	3	1	2	2	0
642	3	2	5	2	-1	2	-1
645	2	3	3	3	1	1	1
647	2	1	4	1	-1	2	-1
649	2	10	10	3	8	8	1
651	1	6	4	2	5	3	1
652	1	1	1	1	0	0	0
653	2	1	1	1	-1	-1	-1
655	1	1	1	1	0	0	0
656	1	2	3	1	1	2	0
657	4	1	10	2	-3	6	-2
661	2	1	10	7	-1	8	5
663	1	10	10	4	9	9	3
664	3	3	9	4	0	6	1
667	2	3	7	2	1	5	0
669	1	6	8	3	5	7	2
670	1	6	1	2	5	0	1
671	1	2	2	2	1	1	1
672	1	10	10	2	9	9	1
673	2	3	3	2	1	1	0
675	1	0	1	2	-1	0	1
676	1	1	1	1	0	0	0
677	3	2	6	2	-1	3	-1
680	2	8	10	1	6	8	-1
682	1	3	3	3	2	2	2
683	1	1	2	4	0	1	3
684	1	1	1	1	0	0	0
685	4	2	1	1	-2	-3	-3
689	2	1	1	1	-1	-1	-1
691	5	1	3	1	-4	-2	-4
696	3	1	10	2	-2	7	-1
699	5	3	10	1	-2	5	-4
704	1	1	1	1	0	0	0
705	1	1	1	1	0	0	0
706	1	2	1	5	1	0	4
707	4	6	10	2	2	6	-2
711	3	1	10	5	-2	7	2
714	2	3	10	6	1	8	4
716	1	2	7	1	1	6	0
717	2	2	10	2	0	8	0
719	1	9	1	6	8	0	5
720	2	1	1	3	-1	-1	1
722	3	4	10	7	1	7	4
725	1	10	10	1	9	9	0
726	3	2	4	3	-1	1	0
729	2	10	4	2	8	2	0
731	2	1	1	1	-1	-1	-1
733	2	4	1	3	2	-1	1
735	1	4	10	5	3	9	4
736	6	3	6	2	-3	0	-4
742	1	1	3	1	0	2	0
743	1	2	1	1	1	0	0
744	1	1	1	1	0	0	0
745	2	4	10	2	2	8	0
747	1	1	1	3	0	0	2
748	2	2	2	3	0	0	1
750	2	5	10	2	3	8	0
752	4	3	10	2	-1	6	-2
756	1	3	1	1	2	0	0
757	2	2	1	2	0	-1	0
759	2	7	4	1	5	2	-1
761	2	1	3	3	-1	1	1
763	2	2	4	1	0	2	-1
765	1	4	1	3	3	0	2
766	1	3	4	2	2	3	1
767	3	2	10	4	-1	7	1
770	2	1	2	2	-1	0	0
772	2	3	9	2	1	7	0
774	1	10	5	1	9	4	0
775	2	6	10	2	4	8	0
777	1	10	10	2	9	9	1
778	2	9	4	2	7	2	0
780	2	3	6	2	1	4	0
782	4	10	10	2	6	6	-2
786	3	5	10	2	2	7	-1
789	2	1	1	1	-1	-1	-1
791	1	1	1	1	0	0	0
792	4	1	1	5	-3	-3	1
796	1	1	1	3	0	0	2
797	3	6	10	3	3	7	0
800	1	10	10	3	9	9	2
801	3	2	3	1	-1	0	-2
804	1	4	6	5	3	5	4
805	6	1	1	5	-5	-5	-1
811	1	2	2	1	1	1	0
812	1	1	2	1	0	1	0
813	1	3	1	4	2	0	3
814	3	6	10	4	3	7	1
817	5	3	10	1	-2	5	-4
822	2	2	1	1	0	-1	-1
824	5	10	10	2	5	5	-3
829	2	4	10	2	2	8	0
831	4	4	10	4	0	6	0
835	1	1	10	3	0	9	2
836	3	1	4	6	-2	1	3
839	2	4	2	2	2	0	0
841	1	1	1	3	0	0	2
842	3	3	10	5	0	7	2
845	5	1	7	3	-4	2	-2
850	1	1	10	1	0	9	0
851	2	4	5	2	2	3	0
853	1	3	3	3	2	2	2
854	2	10	1	2	8	-1	0
856	2	2	1	3	0	-1	1
858	2	3	1	2	1	-1	0
860	2	2	1	2	0	-1	0
862	5	1	10	1	-4	5	-4
867	1	1	2	1	0	1	0
868	3	1	1	3	-2	-2	0
871	3	2	10	2	-1	7	-1
874	2	3	10	1	1	8	-1
876	3	7	3	2	4	0	-1
879	1	6	4	1	5	3	0
880	1	1	1	5	0	0	4
881	1	1	1	2	0	0	1
882	3	1	3	3	-2	0	0
885	1	1	1	4	0	0	3
886	2	3	4	1	1	2	-1
888	1	1	1	2	0	0	1
889	3	1	2	4	-2	-1	1
892	2	4	5	3	2	3	1
894	2	1	1	3	-1	-1	1
896	2	6	8	2	4	6	0
898	1	2	1	2	1	0	1
899	2	1	1	4	-1	-1	2
901	4	10	10	1	6	6	-3
905	1	2	1	2	1	0	1
906	3	2	1	4	-1	-2	1
909	1	1	1	5	0	0	4
910	2	3	7	1	1	5	-1
912	3	10	10	1	7	7	-2
915	1	4	10	1	3	9	0
916	3	2	1	3	-1	-2	0
919	5	1	10	2	-4	5	-3
924	4	5	10	1	1	6	-3
928	2	3	6	3	1	4	1
930	2	4	4	2	2	2	0
932	1	1	3	3	0	2	2
933	1	1	1	1	0	0	0
934	2	3	1	2	1	-1	0
936	1	3	3	2	2	2	1
937	2	6	10	2	4	8	0
939	1	3	4	2	2	3	1
940	7	10	10	3	3	3	-4
947	4	3	10	2	-1	6	-2
951	2	3	10	3	1	8	1
953	4	1	10	6	-3	6	2
957	1	1	2	2	0	1	1
958	4	5	10	1	1	6	-3
962	1	10	4	3	9	3	2
963	1	1	10	2	0	9	1
964	2	1	10	2	-1	8	0
966	2	1	10	1	-1	8	-1
968	7	3	10	2	-4	3	-5
975	5	4	10	3	-1	5	-2
980	1	10	10	1	9	9	0
981	1	1	1	2	0	0	1
982	1	3	3	1	2	2	0
983	1	1	4	1	0	3	0
984	1	1	1	2	0	0	1
985	7	3	10	3	-4	3	-4
992	2	3	1	1	1	-1	-1
994	3	1	10	3	-2	7	0
997	3	5	10	6	2	7	3
1000	3	4	7	3	1	4	0
1003	1	1	1	3	0	0	2
1004	1	1	8	4	0	7	3
1005	1	1	4	5	0	3	4
1006	2	10	10	1	8	8	-1
1008	4	2	3	1	-2	-1	-3
1012	2	1	10	3	-1	8	1
1014	4	1	10	4	-3	6	0
1018	4	1	10	4	-3	6	0
1022	4	1	10	2	-3	6	-2
1026	4	1	2	1	-3	-2	-3
1030	1	3	9	1	2	8	0
1031	4	6	10	1	2	6	-3
1035	2	2	10	2	0	8	0
1037	2	1	1	2	-1	-1	0
1039	2	4	1	1	2	-1	-1
1041	3	10	6	2	7	3	-1
1044	5	2	10	1	-3	5	-4
1049	1	5	6	3	4	5	2
1050	1	1	1	1	0	0	0
1051	3	4	10	1	1	7	-2
1054	3	2	1	1	-1	-2	-2
1057	1	3	1	1	2	0	0
1058	1	1	10	3	0	9	2
1059	2	1	6	3	-1	4	1
1061	2	10	6	1	8	4	-1
1063	4	2	10	2	-2	6	-2
1067	3	10	10	1	7	7	-2
1070	1	3	1	2	2	0	1
1071	5	6	3	1	1	-2	-4
1076	2	1	10	4	-1	8	2
1078	1	10	10	1	9	9	0
1079	1	1	1	3	0	0	2
1080	4	1	7	1	-3	3	-3
1084	1	1	1	3	0	0	2
1085	4	1	9	2	-3	5	-2
1089	3	2	10	1	-1	7	-2
1092	2	10	10	6	8	8	4
1094	1	6	6	2	5	5	1
1095	4	10	10	1	6	6	-3
1099	1	3	10	1	2	9	0
1100	4	3	10	1	-1	6	-3
1104	4	1	10	2	-3	6	-2
1108	5	1	10	2	-4	5	-3
1113	3	1	1	1	-2	-2	-2
1116	4	7	6	2	3	2	-2
1120	1	2	10	1	1	9	0
1121	2	2	4	8	0	2	6
1123	2	10	1	1	8	-1	-1
1125	2	3	10	3	1	8	1
1127	2	3	6	3	1	4	1
1129	2	1	2	2	-1	0	0
1131	4	2	6	1	-2	2	-3
1135	6	4	2	2	-2	-4	-4
1141	2	1	10	1	-1	8	-1
1143	1	1	1	2	0	0	1
1144	1	2	5	3	1	4	2
1145	1	1	1	4	0	0	3
1146	2	1	10	4	-1	8	2
1148	1	6	4	3	5	3	2
1149	3	10	10	1	7	7	-2
1152	1	9	8	1	8	7	0
1153	3	1	1	7	-2	-2	4
1156	1	1	1	2	0	0	1
1157	3	2	10	1	-1	7	-2
1160	2	1	1	4	-1	-1	2
1162	1	6	2	3	5	1	2
1163	3	3	10	1	0	7	-2
1166	1	3	6	5	2	5	4
1167	2	1	1	4	-1	-1	2
1169	4	2	10	1	-2	6	-3
1173	1	1	1	1	0	0	0
1174	1	2	1	3	1	0	2
1175	3	1	2	2	-2	-1	-1
1178	1	2	10	5	1	9	4
1179	1	3	10	6	2	9	5
1180	2	4	2	3	2	0	1
1182	1	6	3	1	5	2	0
1183	1	1	1	1	0	0	0
1184	3	4	3	8	1	0	5
1187	2	1	10	2	-1	8	0
1189	1	1	1	2	0	0	1
1190	1	2	1	1	1	0	0
1191	3	10	10	1	7	7	-2
1194	2	3	10	5	1	8	3
1196	3	1	10	2	-2	7	-1
1199	3	1	1	4	-2	-2	1
1202	2	1	10	4	-1	8	2
1204	1	4	10	3	3	9	2
1205	1	2	1	1	1	0	0
1206	1	10	10	1	9	9	0
1207	1	2	1	1	1	0	0
1208	2	1	3	5	-1	1	3
1210	3	10	10	6	7	7	3
1213	1	3	4	1	2	3	0
1214	2	10	10	1	8	8	-1
1216	2	6	3	1	4	1	-1
1218	4	8	10	2	4	6	-2
1222	1	2	1	2	1	0	1
1223	2	1	4	3	-1	2	1
1225	1	6	3	1	5	2	0
1226	6	1	1	1	-5	-5	-5
1232	2	2	10	2	0	8	0
1234	2	1	10	3	-1	8	1
1236	1	1	1	2	0	0	1
1237	3	1	7	2	-2	4	-1
1240	1	2	1	1	1	0	0
1241	4	2	10	2	-2	6	-2
1245	3	8	7	1	5	4	-2
1248	2	1	2	1	-1	0	-1
1250	3	10	9	3	7	6	0
1253	2	6	10	2	4	8	0
1255	2	3	10	2	1	8	0
1257	3	9	3	2	6	0	-1
1260	3	1	10	1	-2	7	-2
1263	3	3	3	1	0	0	-2
1266	2	10	10	3	8	8	1
1268	1	10	10	4	9	9	3
1269	3	3	2	3	0	-1	0
1272	4	10	10	3	6	6	-1
1276	3	2	6	1	-1	3	-2
1279	2	3	3	4	1	1	2
1281	3	2	10	2	-1	7	-1
1284	3	3	10	2	0	7	-1
1287	2	10	10	1	8	8	-1
1289	5	3	3	1	-2	-2	-4
1294	2	1	1	2	-1	-1	0
1296	2	2	10	1	0	8	-1
1298	2	4	1	3	2	-1	1
1300	5	3	10	1	-2	5	-4
1305	2	3	9	1	1	7	-1
1307	1	3	3	1	2	2	0
1308	2	4	10	2	2	8	0
1310	3	3	3	1	0	0	-2
1313	2	1	10	1	-1	8	-1
1315	2	10	10	2	8	8	0
1317	3	3	10	5	0	7	2
1320	2	7	10	2	5	8	0
1322	4	7	10	4	3	6	0
1326	2	1	10	6	-1	8	4
1328	2	2	10	1	0	8	-1
1330	2	4	10	1	2	8	-1
1332	1	3	1	5	2	0	4
1333	3	4	1	2	1	-2	-1
1336	1	4	10	4	3	9	3
1337	5	6	10	2	1	5	-3
1342	2	1	1	3	-1	-1	1
1344	3	1	10	1	-2	7	-2
1347	5	10	10	2	5	5	-3
1352	1	2	10	2	1	9	1
1353	3	10	10	6	7	7	3
1356	1	2	9	1	1	8	0
1357	2	10	10	4	8	8	2
1359	2	10	4	1	8	2	-1
1361	2	6	9	3	4	7	1
1363	1	2	1	4	1	0	3
1364	1	1	10	1	0	9	0
1365	1	1	10	1	0	9	0
1366	4	2	3	2	-2	-1	-2
1370	2	3	3	3	1	1	1
1372	3	4	10	1	1	7	-2
1375	2	1	3	4	-1	1	2
1377	2	1	10	3	-1	8	1
1379	2	1	1	1	-1	-1	-1
1381	3	5	10	3	2	7	0
1384	4	2	10	2	-2	6	-2
1388	5	3	10	1	-2	5	-4
1393	2	7	10	3	5	8	1
1395	3	2	7	1	-1	4	-2
1398	1	1	1	3	0	0	2
1399	2	1	3	2	-1	1	0
1401	1	7	1	3	6	0	2
1402	3	1	7	4	-2	4	1
1405	1	2	1	4	1	0	3
1406	3	1	4	3	-2	1	0
1409	2	10	10	2	8	8	0
1411	4	9	10	4	5	6	0
1415	5	1	4	1	-4	-1	-4
1420	2	6	10	2	4	8	0
1422	2	10	10	2	8	8	0
1424	4	5	10	2	1	6	-2
1428	3	10	10	1	7	7	-2
1431	1	2	3	1	1	2	0
1432	3	3	10	3	0	7	0
1435	1	1	4	2	0	3	1
1436	3	1	4	4	-2	1	1
1439	7	7	10	3	0	3	-4
1446	1	6	1	1	5	0	0
1447	4	6	10	2	2	6	-2
1451	2	1	10	1	-1	8	-1
1453	4	3	10	4	-1	6	0
1457	3	10	6	7	7	3	4
1460	2	1	10	2	-1	8	0
1462	2	2	3	3	0	1	1
1464	1	1	10	1	0	9	0
1465	2	1	1	4	-1	-1	2
1467	5	1	10	4	-4	5	-1
1472	4	4	10	4	0	6	0
1476	2	2	2	3	0	0	1
1478	2	2	1	1	0	-1	-1
1480	3	3	10	1	0	7	-2
1483	3	4	6	2	1	3	-1
1486	3	3	2	1	0	-1	-2
1489	5	2	2	2	-3	-3	-3
1494	2	1	2	1	-1	0	-1
1496	5	3	10	1	-2	5	-4
1501	7	3	10	2	-4	3	-5
1508	2	10	10	3	8	8	1
1510	3	10	10	2	7	7	-1
1513	1	1	3	3	0	2	2
1514	3	2	10	3	-1	7	0
1517	5	1	2	3	-4	-3	-2
1522	1	2	10	2	1	9	1
1523	3	2	1	5	-1	-2	2
1526	1	4	5	1	3	4	0
1527	2	2	7	1	0	5	-1
1529	4	2	10	2	-2	6	-2
1533	1	4	4	1	3	3	0
1534	3	10	10	4	7	7	1
1537	2	2	4	2	0	2	0
1539	2	2	10	3	0	8	1
1541	1	1	1	1	0	0	0
1542	3	5	10	4	2	7	1
1545	2	1	10	1	-1	8	-1
1547	2	2	9	4	0	7	2
1549	1	1	1	4	0	0	3
1550	3	10	10	1	7	7	-2
1553	3	2	2	1	-1	-1	-2
1556	2	2	1	2	0	-1	0
1558	8	6	1	3	-2	-7	-5
1566	2	1	1	1	-1	-1	-1
1568	4	8	10	1	4	6	-3
1572	2	7	6	1	5	4	-1
1574	1	1	2	1	0	1	0
1575	3	1	6	2	-2	3	-1
1578	5	1	10	2	-4	5	-3
1583	7	4	3	2	-3	-4	-5
1590	1	2	10	2	1	9	1
1591	3	5	10	3	2	7	0
1594	5	3	10	3	-2	5	-2
1599	3	6	10	6	3	7	3
1602	2	1	1	3	-1	-1	1
1604	3	1	10	4	-2	7	1
1607	1	1	7	1	0	6	0
1608	2	6	3	1	4	1	-1
1610	3	3	4	3	0	1	0
1613	3	4	10	1	1	7	-2
1616	2	3	10	1	1	8	-1
1618	1	10	3	1	9	2	0
1619	1	2	8	2	1	7	1
1620	7	10	10	2	3	3	-5
1627	2	9	10	3	7	8	1
1629	8	7	10	1	-1	2	-7
1637	1	4	8	4	3	7	3
1638	2	7	10	3	5	8	1
1640	2	3	1	3	1	-1	1
1642	4	2	3	1	-2	-1	-3
1646	3	1	10	1	-2	7	-2
1649	5	1	10	4	-4	5	-1
1654	4	6	10	4	2	6	0
1658	4	6	10	2	2	6	-2
1662	2	5	5	2	3	3	0
1664	4	3	2	2	-1	-2	-2
1668	3	6	2	3	3	-1	0
1671	1	1	1	3	0	0	2
1672	4	1	2	1	-3	-2	-3
1676	5	2	6	1	-3	1	-4
1681	2	10	10	2	8	8	0
1683	2	10	10	1	8	8	-1
1685	2	1	10	2	-1	8	0
1687	1	1	1	4	0	0	3
1688	3	6	10	3	3	7	0
1691	3	3	1	1	0	-2	-2
1694	4	4	10	1	0	6	-3
1698	4	1	10	3	-3	6	-1
1702	3	10	10	1	7	7	-2
1705	3	1	1	4	-2	-2	1
1708	3	7	10	1	4	7	-2
1711	1	1	10	1	0	9	0
1712	2	2	6	2	0	4	0
1714	4	1	7	1	-3	3	-3
1718	6	1	10	1	-5	4	-5
1724	3	4	10	1	1	7	-2
1727	2	3	10	5	1	8	3
1729	1	1	2	3	0	1	2
1730	1	3	2	4	2	1	3
1731	6	1	10	1	-5	4	-5
1737	3	2	3	4	-1	0	1
1740	10	4	10	2	-6	0	-8
1750	5	10	10	2	5	5	-3
1755	1	1	6	9	0	5	8
1756	8	1	10	1	-7	2	-7
1764	5	10	10	1	5	5	-4
1769	1	10	10	1	9	9	0
1770	1	9	8	1	8	7	0
1771	4	10	9	1	6	5	-3
1775	3	9	10	8	6	7	5
1778	2	10	10	1	8	8	-1
1780	3	10	10	4	7	7	1
1783	3	1	1	3	-2	-2	0
1786	1	2	4	1	1	3	0
1787	3	1	3	1	-2	0	-2
1790	4	10	10	2	6	6	-2
1794	1	10	10	2	9	9	1
1795	1	10	10	3	9	9	2
1796	3	7	10	1	4	7	-2
1799	2	3	10	1	1	8	-1
1801	2	3	6	1	1	4	-1
1803	3	6	10	4	3	7	1
1806	2	10	4	5	8	2	3
1808	3	2	10	1	-1	7	-2
1811	3	1	6	2	-2	3	-1
1814	2	2	10	2	0	8	0
1816	4	6	10	1	2	6	-3
1820	2	6	10	2	4	8	0
1822	7	6	10	1	-1	3	-6
1829	1	6	10	1	5	9	0
1830	1	10	4	2	9	3	1
1831	1	1	1	1	0	0	0
1832	1	10	5	3	9	4	2
1833	5	1	10	1	-4	5	-4
1838	1	1	1	3	0	0	2
1839	4	1	10	3	-3	6	-1
1843	1	1	2	3	0	1	2
1844	1	0	1	6	-1	0	5
1845	5	10	10	1	5	5	-4
1850	2	10	9	1	8	7	-1
1852	6	3	10	2	-3	4	-4
1858	1	4	9	2	3	8	1
1859	1	3	1	3	2	0	2
1860	3	4	10	4	1	7	1
1863	2	10	10	2	8	8	0
1865	1	1	10	1	0	9	0
1866	1	4	4	5	3	3	4
1867	2	10	10	5	8	8	3
1869	2	10	10	3	8	8	1
1871	4	3	10	1	-1	6	-3
1875	2	1	10	2	-1	8	0
1877	3	2	4	2	-1	1	-1
1880	1	10	9	1	9	8	0
1881	4	10	10	5	6	6	1
1885	1	1	1	3	0	0	2
1886	2	1	3	2	-1	1	0
1888	2	4	2	4	2	0	2
1890	3	10	3	5	7	0	2
1893	5	3	10	4	-2	5	-1
1898	3	10	10	4	7	7	1
1901	3	10	10	2	7	7	-1
1904	2	2	10	2	0	8	0
1906	3	1	10	1	-2	7	-2
1909	3	3	10	3	0	7	0
1912	1	10	10	3	9	9	2
1913	1	2	1	1	1	0	0
1914	1	1	10	1	0	9	0
1915	1	1	1	1	0	0	0
1916	2	1	2	2	-1	0	0
1918	1	10	9	3	9	8	2
1919	1	2	1	1	1	0	0
1920	1	2	3	7	1	2	6
1921	1	2	1	2	1	0	1
1922	1	1	1	1	0	0	0
1923	1	4	1	3	3	0	2
1924	2	2	2	4	0	0	2
1926	1	1	1	2	0	0	1
1927	1	2	1	1	1	0	0
1928	2	2	1	1	0	-1	-1
1930	1	1	1	2	0	0	1
1931	3	2	1	1	-1	-2	-2
1934	1	4	8	1	3	7	0
1935	4	1	10	3	-3	6	-1
1939	2	10	4	3	8	2	1
1941	2	10	10	1	8	8	-1
1943	2	1	10	6	-1	8	4
1945	5	2	10	1	-3	5	-4
1950	1	1	9	2	0	8	1
1951	3	4	6	1	1	3	-2
1954	1	1	1	3	0	0	2
1955	1	1	2	2	0	1	1
1956	3	1	1	1	-2	-2	-2
1959	1	10	10	1	9	9	0
1960	1	10	9	7	9	8	6
1961	2	6	9	1	4	7	-1
1963	2	1	10	2	-1	8	0
1965	3	7	10	1	4	7	-2
1968	3	3	7	1	0	4	-2
1971	1	10	10	3	9	9	2
1972	4	6	10	2	2	6	-2
1976	1	7	3	4	6	2	3
1977	2	10	2	1	8	0	-1
1979	3	4	10	2	1	7	-1
1982	2	3	6	1	1	4	-1
1984	3	1	4	1	-2	1	-2
1987	8	7	10	1	-1	2	-7
1995	1	6	5	1	5	4	0
1996	3	4	10	1	1	7	-2
1999	4	2	1	3	-2	-3	-1
2003	1	0	10	2	-1	9	1
2004	5	8	10	2	3	5	-3
2009	1	10	4	2	9	3	1
2010	4	6	3	1	2	-1	-3
2014	1	1	1	1	0	0	0
2015	1	3	10	1	2	9	0
2016	9	4	10	2	-5	1	-7
2025	2	2	2	2	0	0	0
2027	1	2	3	3	1	2	2
2028	2	3	10	2	1	8	0
2030	3	4	1	2	1	-2	-1
2033	4	1	10	3	-3	6	-1
2037	1	3	9	2	2	8	1
2038	1	10	10	1	9	9	0
2039	1	4	6	3	3	5	2
2040	3	1	1	2	-2	-2	-1
2043	1	3	3	2	2	2	1
2044	3	7	7	3	4	4	0
2047	1	5	10	5	4	9	4
2048	1	1	10	1	0	9	0
2049	1	10	10	1	9	9	0
2050	1	1	10	4	0	9	3
2051	2	3	3	1	1	1	-1
2053	3	4	6	2	1	3	-1
2056	4	6	10	1	2	6	-3
2060	2	10	10	1	8	8	-1
2062	2	9	10	2	7	8	0
2064	1	10	10	1	9	9	0
2065	3	10	10	2	7	7	-1
2068	2	1	10	4	-1	8	2
2070	1	2	1	2	1	0	1
2071	1	1	4	1	0	3	0
2072	1	7	10	2	6	9	1
2073	1	2	10	2	1	9	1
2074	1	10	8	2	9	7	1
2075	6	2	1	1	-4	-5	-5
2081	4	1	2	2	-3	-2	-2
2085	1	10	10	1	9	9	0
2086	5	7	10	3	2	5	-2
2091	1	1	1	1	0	0	0
2092	1	2	10	1	1	9	0
2093	2	2	10	7	0	8	5
2095	4	10	10	1	6	6	-3
2099	1	1	4	4	0	3	3
2100	2	1	3	1	-1	1	-1
2102	2	3	10	1	1	8	-1
2104	1	3	4	2	2	3	1
2105	1	7	10	1	6	9	0
2106	4	4	8	4	0	4	0
2110	2	2	1	1	0	-1	-1
2112	2	3	10	5	1	8	3
2114	2	1	10	2	-1	8	0
2116	1	10	10	1	9	9	0
2117	2	10	10	4	8	8	2
2119	2	3	1	3	1	-1	1
2121	1	1	1	1	0	0	0
2122	2	10	10	5	8	8	3
2124	2	1	1	7	-1	-1	5
2126	1	1	1	1	0	0	0
2127	1	10	10	2	9	9	1
2128	2	3	5	1	1	3	-1
2130	1	2	7	1	1	6	0
2131	2	1	1	1	-1	-1	-1
2133	1	3	8	1	2	7	0
2134	1	0	0	2	-1	-1	1
2135	2	9	10	2	7	8	0
2137	1	3	3	1	2	2	0
2138	1	1	1	3	0	0	2
2139	3	1	1	6	-2	-2	3
2142	3	1	10	1	-2	7	-2
2145	2	10	10	1	8	8	-1
2147	2	1	1	2	-1	-1	0
2149	1	1	1	3	0	0	2
2150	1	2	10	6	1	9	5
2151	1	3	10	2	2	9	1
2152	2	1	1	1	-1	-1	-1
2154	1	1	6	1	0	5	0
2155	3	10	2	1	7	-1	-2
2158	2	5	10	2	3	8	0
2160	3	6	10	1	3	7	-2
2163	2	6	10	2	4	8	0
2165	1	10	9	1	9	8	0
2166	2	3	1	2	1	-1	0
2168	1	1	1	1	0	0	0
2169	1	1	10	2	0	9	1
2170	2	1	2	3	-1	0	1
2172	3	1	6	3	-2	3	0
2175	2	2	3	5	0	1	3
2177	3	2	10	5	-1	7	2
2180	1	3	10	1	2	9	0
2181	2	10	10	5	8	8	3
2183	1	4	5	1	3	4	0
2184	3	1	10	1	-2	7	-2
2187	2	2	4	2	0	2	0
2189	1	1	1	2	0	0	1
2190	4	6	10	2	2	6	-2
2194	3	10	10	2	7	7	-1
2197	1	6	10	3	5	9	2
2198	2	10	10	1	8	8	-1
2200	3	1	10	3	-2	7	0
2203	1	1	1	2	0	0	1
2204	1	2	10	3	1	9	2
2205	2	2	9	3	0	7	1
2207	3	6	10	1	3	7	-2
2210	1	3	1	1	2	0	0
2211	1	2	1	2	1	0	1
2212	5	6	10	3	1	5	-2
2217	2	1	10	2	-1	8	0
2219	1	10	10	3	9	9	2
2220	1	1	1	1	0	0	0
2221	5	1	1	3	-4	-4	-2
2226	3	6	10	2	3	7	-1
2229	2	1	1	1	-1	-1	-1
2231	2	2	3	1	0	1	-1
2233	1	1	3	2	0	2	1
2234	2	2	1	1	0	-1	-1
2236	3	5	7	2	2	4	-1
2239	1	10	10	3	9	9	2
2240	1	3	2	1	2	1	0
2241	2	3	3	6	1	1	4
2243	3	6	9	2	3	6	-1
2246	2	3	10	5	1	8	3
2248	4	2	7	2	-2	3	-2
2252	2	3	10	4	1	8	2
2254	3	3	10	1	0	7	-2
2257	1	4	5	1	3	4	0
2258	2	3	3	2	1	1	0
2260	1	3	2	3	2	1	2
2261	3	8	10	3	5	7	0
2264	2	1	1	1	-1	-1	-1
2266	2	2	10	2	0	8	0
2268	1	0	2	3	-1	1	2
2269	2	10	10	2	8	8	0
2271	4	2	1	2	-2	-3	-2
2275	2	10	10	3	8	8	1
2277	2	9	10	2	7	8	0
2279	3	6	10	4	3	7	1
2282	1	1	9	4	0	8	3
2283	3	1	1	5	-2	-2	2
2286	1	1	2	2	0	1	1
2287	4	2	6	2	-2	2	-2
2291	4	10	10	1	6	6	-3
2295	3	1	2	3	-2	-1	0
2298	3	10	10	2	7	7	-1
2301	1	1	3	1	0	2	0
2302	5	9	10	1	4	5	-4
2307	3	2	3	2	-1	0	-1
2310	2	1	10	2	-1	8	0
2312	1	2	1	3	1	0	2
2313	2	3	3	4	1	1	2
2315	1	2	10	3	1	9	2
2316	2	1	3	1	-1	1	-1
2318	1	6	1	1	5	0	0
2319	3	10	10	2	7	7	-1
2322	2	10	10	3	8	8	1
2324	1	10	10	1	9	9	0
2325	4	4	10	1	0	6	-3
2329	1	8	10	3	7	9	2
2330	3	1	1	4	-2	-2	1
2333	2	1	10	3	-1	8	1
2335	2	1	3	2	-1	1	0
2337	2	4	10	3	2	8	1
2339	1	1	2	4	0	1	3
2340	2	2	10	1	0	8	-1
2342	1	0	3	3	-1	2	2
2343	2	6	10	1	4	8	-1
2345	2	4	10	1	2	8	-1
2347	2	3	1	6	1	-1	4
2349	2	3	10	1	1	8	-1
2351	6	10	10	2	4	4	-4
2357	3	4	3	2	1	0	-1
2360	2	1	4	1	-1	2	-1
2362	4	1	10	4	-3	6	0
2366	1	1	1	1	0	0	0
2367	1	3	3	2	2	2	1
2368	2	2	1	2	0	-1	0
2370	1	1	1	1	0	0	0
2371	3	1	9	4	-2	6	1
2374	3	3	4	5	0	1	2
2377	1	3	3	2	2	2	1
2378	2	1	1	2	-1	-1	0
2380	2	1	1	1	-1	-1	-1
2382	1	1	1	1	0	0	0
2383	2	10	10	2	8	8	0
2385	2	1	4	4	-1	2	2
2387	1	3	8	5	2	7	4
2388	4	1	10	6	-3	6	2
2392	2	4	10	1	2	8	-1
2394	3	1	10	1	-2	7	-2
2397	2	1	2	2	-1	0	0
2399	1	2	10	3	1	9	2
2400	1	3	3	6	2	2	5
2401	3	4	10	1	1	7	-2
2404	1	2	10	4	1	9	3
2405	1	1	9	3	0	8	2
2406	6	10	10	3	4	4	-3
2412	1	1	3	3	0	2	2
2413	3	6	10	3	3	7	0
2416	2	10	10	2	8	8	0
2418	1	1	3	1	0	2	0
2419	1	4	2	1	3	1	0
2420	2	8	10	1	6	8	-1
2422	3	5	10	4	2	7	1
2425	6	10	10	2	4	4	-4
2431	1	3	3	3	2	2	2
2432	2	2	10	4	0	8	2
2434	1	3	1	1	2	0	0
2435	4	1	10	2	-3	6	-2
2439	4	2	9	1	-2	5	-3
2443	4	1	6	1	-3	2	-3
2447	1	2	4	1	1	3	0
2448	1	1	1	1	0	0	0
2449	2	4	6	2	2	4	0
2451	2	6	10	3	4	8	1
2453	3	1	1	2	-2	-2	-1
2456	3	2	10	2	-1	7	-1
2459	3	3	9	1	0	6	-2
2462	4	3	2	1	-1	-2	-3
2466	1	1	10	3	0	9	2
2467	1	3	4	3	2	3	2
2468	1	4	9	3	3	8	2
2469	4	10	10	1	6	6	-3
2473	4	10	10	2	6	6	-2
2477	1	1	2	1	0	1	0
2478	5	10	10	1	5	5	-4
2483	6	10	10	2	4	4	-4
2489	4	1	10	5	-3	6	1
2493	2	10	10	1	8	8	-1
2495	6	6	4	2	0	-2	-4
2501	6	4	10	3	-2	4	-3
2507	4	10	10	4	6	6	0
2511	1	1	3	2	0	2	1
2512	2	2	4	2	0	2	0
2514	2	3	10	6	1	8	4
2516	2	2	7	7	0	5	5
2518	3	1	4	1	-2	1	-2
2521	3	4	2	1	1	-1	-2
2524	1	2	9	4	1	8	3
2525	4	6	10	1	2	6	-3
2529	2	2	10	3	0	8	1
2531	2	10	10	1	8	8	-1
2533	3	3	9	1	0	6	-2
2536	4	1	10	1	-3	6	-3
2540	4	4	10	9	0	6	5
2544	1	6	1	1	5	0	0
2545	8	4	4	2	-4	-4	-6
2553	1	1	6	2	0	5	1
2554	5	1	10	2	-4	5	-3
2559	6	1	10	3	-5	4	-3
2565	4	4	10	1	0	6	-3
2569	1	10	10	3	9	9	2
2570	1	1	2	2	0	1	1
2571	1	4	10	1	3	9	0
2572	2	10	10	1	8	8	-1
2574	1	3	3	2	2	2	1
2575	2	10	10	4	8	8	2
2577	3	4	10	2	1	7	-1
2580	1	1	3	1	0	2	0
2581	3	4	4	5	1	1	2
2584	1	4	2	2	3	1	1
2585	1	1	1	2	0	0	1
2586	1	1	10	1	0	9	0
2587	1	2	1	2	1	0	1
2588	2	1	1	2	-1	-1	0
2590	2	10	10	1	8	8	-1
2592	1	3	4	2	2	3	1
2593	1	2	1	2	1	0	1
2594	2	1	10	5	-1	8	3
2596	1	1	1	4	0	0	3
2597	4	4	6	2	0	2	-2
2601	4	4	6	1	0	2	-3
2605	1	3	3	5	2	2	4
2606	4	1	1	2	-3	-3	-2
2610	2	10	10	2	8	8	0
2612	1	10	10	2	9	9	1
2613	1	3	4	3	2	3	2
2614	3	6	10	4	3	7	1
2617	1	1	1	3	0	0	2
2618	1	3	3	1	2	2	0
2619	1	10	10	2	9	9	1
2620	2	2	3	1	0	1	-1
2622	1	2	10	6	1	9	5
2623	3	3	7	5	0	4	2
2626	4	1	10	2	-3	6	-2
2630	2	4	3	3	2	1	1
2632	5	10	10	3	5	5	-2
2637	1	1	10	4	0	9	3
2638	2	9	10	1	7	8	-1
2640	1	4	6	2	3	5	1
2641	1	2	1	2	1	0	1
2642	2	1	10	2	-1	8	0
2644	1	3	1	1	2	0	0
2645	5	10	10	1	5	5	-4
2650	1	5	4	2	4	3	1
2651	2	7	10	5	5	8	3
2653	4	2	10	1	-2	6	-3
2657	1	1	1	2	0	0	1
2658	2	1	8	1	-1	6	-1
2660	3	7	10	2	4	7	-1
2663	1	3	10	1	2	9	0
2664	2	2	10	2	0	8	0
2666	2	1	7	3	-1	5	1
2668	2	4	10	3	2	8	1
2670	1	3	4	3	2	3	2
2671	4	1	10	1	-3	6	-3
2675	2	6	10	3	4	8	1
2677	1	10	10	1	9	9	0
2678	1	10	4	3	9	3	2
2679	2	3	1	2	1	-1	0
2681	3	3	10	2	0	7	-1
2684	1	6	10	5	5	9	4
2685	1	1	10	1	0	9	0
2686	1	7	9	2	6	8	1
2687	3	3	6	1	0	3	-2
2690	3	10	10	1	7	7	-2
2693	4	3	10	2	-1	6	-2
2697	3	2	10	5	-1	7	2
2700	2	1	7	2	-1	5	0
2702	1	1	5	4	0	4	3
2703	1	2	8	3	1	7	2
2704	3	10	10	2	7	7	-1
2707	4	2	10	1	-2	6	-3
2711	2	10	10	4	8	8	2
2713	1	1	10	4	0	9	3
2714	1	4	10	1	3	9	0
2715	2	2	10	2	0	8	0
2717	4	10	10	3	6	6	-1
2721	1	3	3	2	2	2	1
2722	1	1	10	1	0	9	0
2723	5	2	10	1	-3	5	-4
2728	2	1	1	1	-1	-1	-1
2730	3	3	10	3	0	7	0
2733	1	6	4	2	5	3	1
2734	1	10	1	2	9	0	1
2735	1	1	1	1	0	0	0
2736	1	1	1	1	0	0	0
2737	2	2	1	4	0	-1	2
2739	1	4	10	2	3	9	1
2740	2	2	10	3	0	8	1
2742	1	10	10	3	9	9	2
2743	1	5	10	1	4	9	0
2744	4	2	10	1	-2	6	-3
2748	1	5	10	1	4	9	0
2749	1	10	10	1	9	9	0
2750	1	1	3	2	0	2	1
2751	1	1	10	2	0	9	1
2752	4	1	10	1	-3	6	-3
2756	1	7	3	2	6	2	1
2757	1	1	10	3	0	9	2
2758	3	8	3	4	5	0	1
2761	3	4	1	1	1	-2	-2
2764	2	2	9	1	0	7	-1
2766	1	2	1	3	1	0	2
2767	1	1	1	1	0	0	0
2768	5	1	1	2	-4	-4	-3
2773	2	6	1	2	4	-1	0
2775	2	2	10	1	0	8	-1
2777	2	6	10	1	4	8	-1
2779	2	3	6	1	1	4	-1
2781	1	1	1	1	0	0	0
2782	1	6	10	1	5	9	0
2783	7	3	3	2	-4	-4	-5
2790	2	5	1	3	3	-1	1
2792	6	1	10	3	-5	4	-3
2798	1	1	3	3	0	2	2
2799	2	6	1	1	4	-1	-1
2801	2	2	10	3	0	8	1
2803	1	3	5	1	2	4	0
2804	1	0	10	2	-1	9	1
2805	2	1	10	2	-1	8	0
2807	1	1	5	2	0	4	1
2808	2	10	10	3	8	8	1
2810	4	4	8	1	0	4	-3
2814	4	10	10	2	6	6	-2
2818	1	1	2	1	0	1	0
2819	3	3	10	1	0	7	-2
2822	1	1	4	5	0	3	4
2823	6	2	9	2	-4	3	-4
2829	2	4	10	1	2	8	-1
2831	1	1	10	2	0	9	1
2832	4	7	1	2	3	-3	-2
2836	1	1	10	2	0	9	1
2837	1	1	3	1	0	2	0
2838	1	4	6	3	3	5	2
2839	3	1	2	2	-2	-1	-1
2842	1	4	3	4	3	2	3
2843	1	1	1	1	0	0	0
2844	3	10	10	2	7	7	-1
2847	1	1	3	1	0	2	0
2848	1	2	10	3	1	9	2
2849	1	10	10	3	9	9	2
2850	2	3	10	2	1	8	0
2852	1	1	2	3	0	1	2
2853	2	1	10	2	-1	8	0
2855	1	1	1	3	0	0	2
2856	3	3	10	1	0	7	-2
2859	2	8	8	1	6	6	-1
2861	1	0	1	2	-1	0	1
2862	1	3	10	1	2	9	0
2863	2	2	10	1	0	8	-1
2865	1	1	1	1	0	0	0
2866	1	1	1	5	0	0	4
2867	4	1	10	2	-3	6	-2
2871	4	10	10	4	6	6	0
2875	3	3	10	2	0	7	-1
2878	1	2	1	3	1	0	2
2879	2	1	5	4	-1	3	2
2881	4	10	10	4	6	6	0
2885	3	6	10	2	3	7	-1
2888	4	10	10	3	6	6	-1
2892	3	10	10	1	7	7	-2
2895	4	2	5	2	-2	1	-2
2899	4	3	9	1	-1	5	-3
2903	2	6	10	1	4	8	-1
2905	1	10	10	2	9	9	1
2906	4	1	10	3	-3	6	-1
2910	1	1	1	1	0	0	0
2911	2	1	9	2	-1	7	0
2913	2	3	9	2	1	7	0
2915	2	1	10	4	-1	8	2
2917	1	1	10	2	0	9	1
2918	1	6	1	2	5	0	1
2919	1	10	4	2	9	3	1
2920	1	6	10	4	5	9	3
2921	1	3	2	3	2	1	2
2922	3	3	10	1	0	7	-2
2925	3	3	9	2	0	6	-1
2928	2	3	3	6	1	1	4
2930	2	2	5	4	0	3	2
2932	1	10	10	7	9	9	6
2933	5	10	10	2	5	5	-3
2938	4	2	3	6	-2	-1	2
2942	2	1	1	1	-1	-1	-1
2944	1	10	10	2	9	9	1
2945	3	6	10	2	3	7	-1
2948	1	10	10	2	9	9	1
2949	1	1	10	1	0	9	0
2950	2	1	10	2	-1	8	0
2952	2	10	10	1	8	8	-1
2954	2	1	2	2	-1	0	0
2956	3	1	10	3	-2	7	0
2959	4	1	10	1	-3	6	-3
2963	5	2	10	3	-3	5	-2
2968	1	1	10	2	0	9	1
2969	3	1	3	1	-2	0	-2
2972	1	10	10	6	9	9	5
2973	3	5	10	3	2	7	0
2976	1	6	4	1	5	3	0
2977	1	1	1	3	0	0	2
2978	2	1	10	2	-1	8	0
2980	1	10	2	2	9	1	1
2981	6	10	10	1	4	4	-5
2987	1	1	1	2	0	0	1
2988	2	1	10	1	-1	8	-1
2990	5	8	10	7	3	5	2
2995	4	10	10	1	6	6	-3
2999	2	1	1	2	-1	-1	0
3001	1	1	1	3	0	0	2
3002	1	3	3	3	2	2	2
3003	1	3	1	6	2	0	5
3004	4	1	10	4	-3	6	0
3008	2	1	1	1	-1	-1	-1
3010	1	4	10	1	3	9	0
3011	2	5	4	3	3	2	1
3013	2	2	1	9	0	-1	7
3015	1	2	10	2	1	9	1
3016	5	1	10	2	-4	5	-3
3021	1	7	4	1	6	3	0
3022	3	5	10	1	2	7	-2
3025	3	6	10	3	3	7	0
3028	3	4	10	2	1	7	-1
3031	1	2	10	3	1	9	2
3032	4	10	10	1	6	6	-3
3036	4	3	10	1	-1	6	-3
3040	1	10	1	1	9	0	0
3041	2	4	10	1	2	8	-1
3043	3	4	4	2	1	1	-1
3046	2	4	9	3	2	7	1
3048	1	5	10	3	4	9	2
3049	1	3	10	1	2	9	0
3050	1	2	1	3	1	0	2
3051	2	10	10	1	8	8	-1
3053	1	6	10	4	5	9	3
3054	1	2	1	1	1	0	0
3055	3	8	1	3	5	-2	0
3058	1	10	10	1	9	9	0
3059	3	1	10	2	-2	7	-1
3062	2	10	10	1	8	8	-1
3064	2	10	10	1	8	8	-1
3066	1	6	10	4	5	9	3
3067	3	4	2	5	1	-1	2
3070	2	10	10	3	8	8	1
3072	5	10	10	2	5	5	-3
3077	5	3	4	2	-2	-1	-3
3082	4	2	1	2	-2	-3	-2
3086	1	10	10	1	9	9	0
3087	2	1	4	1	-1	2	-1
3089	5	10	10	2	5	5	-3
3094	3	2	10	1	-1	7	-2
3097	2	3	3	3	1	1	1
3099	1	3	3	1	2	2	0
3100	1	10	10	2	9	9	1
3101	1	1	10	1	0	9	0
3102	2	2	4	3	0	2	1
3104	4	6	10	3	2	6	-1
3108	4	3	10	3	-1	6	-1
3112	4	10	6	5	6	2	1
3116	1	6	1	3	5	0	2
3117	8	6	10	1	-2	2	-7
3125	3	10	10	1	7	7	-2
3128	4	4	10	3	0	6	-1
3132	2	10	10	1	8	8	-1
3134	5	1	10	5	-4	5	0
3139	1	6	10	3	5	9	2
3140	7	2	10	1	-5	3	-6
3147	7	6	10	4	-1	3	-3
3154	4	10	10	3	6	6	-1
3158	1	1	2	1	0	1	0
3159	6	1	10	3	-5	4	-3
3165	2	2	1	1	0	-1	-1
3167	4	4	1	1	0	-3	-3
3171	2	3	10	2	1	8	0
3173	2	2	9	5	0	7	3
3175	4	2	10	1	-2	6	-3
3179	1	3	1	2	2	0	1
3180	3	3	10	4	0	7	1
3183	3	3	10	3	0	7	0
3186	1	10	10	4	9	9	3
3187	1	1	1	1	0	0	0
3188	1	1	1	1	0	0	0
3189	2	10	10	3	8	8	1
3191	2	3	10	4	1	8	2
3193	1	3	6	3	2	5	2
3194	4	3	5	1	-1	1	-3
3198	2	1	1	1	-1	-1	-1
3200	2	5	3	2	3	1	0
3202	2	9	3	1	7	1	-1
3204	2	5	10	1	3	8	-1
3206	1	10	4	3	9	3	2
3207	2	6	1	4	4	-1	2
3209	1	1	1	1	0	0	0
3210	4	9	10	1	5	6	-3
3214	2	10	10	3	8	8	1
3216	1	3	3	5	2	2	4
3217	2	2	10	3	0	8	1
3219	1	1	7	2	0	6	1
3220	2	3	10	3	1	8	1
3222	1	10	10	3	9	9	2
3223	7	2	1	3	-5	-6	-4
3230	1	4	9	1	3	8	0
3231	1	1	2	4	0	1	3
3232	2	1	1	1	-1	-1	-1
3234	1	3	3	2	2	2	1
3235	3	10	10	3	7	7	0
3238	2	6	6	4	4	4	2
3240	3	1	10	1	-2	7	-2
3243	1	3	5	1	2	4	0
3244	8	1	4	2	-7	-4	-6
3252	4	1	10	1	-3	6	-3
3256	1	2	1	4	1	0	3
3257	4	8	1	1	4	-3	-3
3261	2	1	10	3	-1	8	1
3263	1	1	5	1	0	4	0
3264	3	4	6	1	1	3	-2
3267	1	7	9	4	6	8	3
3268	3	3	10	1	0	7	-2
3271	2	2	2	1	0	0	-1
3273	3	4	4	6	1	1	3
3276	3	1	10	1	-2	7	-2
3279	1	1	1	1	0	0	0
3280	2	2	10	3	0	8	1
3282	3	1	10	2	-2	7	-1
3285	3	10	9	3	7	6	0
3288	2	1	10	1	-1	8	-1
3290	1	4	10	4	3	9	3
3291	1	10	10	1	9	9	0
3292	1	3	4	4	2	3	3
3293	1	1	2	3	0	1	2
3294	1	5	3	3	4	2	2
3295	1	2	2	3	1	1	2
3296	3	1	10	5	-2	7	2
3299	2	1	6	2	-1	4	0
3301	1	10	10	1	9	9	0
3302	2	5	10	2	3	8	0
3304	3	6	1	6	3	-2	3
3307	2	1	1	2	-1	-1	0
3309	4	6	10	4	2	6	0
3313	1	1	1	1	0	0	0
3314	1	3	10	2	2	9	1
3315	2	1	5	4	-1	3	2
3317	1	4	3	2	3	2	1
3318	1	3	1	2	2	0	1
3319	7	10	10	3	3	3	-4
3326	5	10	10	2	5	5	-3
3331	3	3	10	1	0	7	-2
3334	7	10	10	3	3	3	-4
3341	1	3	3	5	2	2	4
3342	4	10	10	3	6	6	-1
3346	5	3	10	3	-2	5	-2
3351	2	1	3	4	-1	1	2
3353	4	3	10	2	-1	6	-2
3357	2	1	10	3	-1	8	1
3359	1	1	1	4	0	0	3
3360	3	10	10	1	7	7	-2
3363	1	10	8	1	9	7	0
3364	2	1	3	2	-1	1	0
3366	5	1	10	3	-4	5	-2
3371	1	2	1	3	1	0	2
3372	1	3	2	1	2	1	0
3373	1	0	2	7	-1	1	6
3374	2	1	10	2	-1	8	0
3376	2	3	1	1	1	-1	-1
3378	5	9	10	4	4	5	-1
3383	3	10	10	1	7	7	-2
3386	1	10	10	3	9	9	2
3387	1	2	3	1	1	2	0
3388	1	3	10	2	2	9	1
3389	2	1	10	2	-1	8	0
3391	1	2	4	5	1	3	4
3392	1	10	10	2	9	9	1
3393	6	1	10	1	-5	4	-5
3399	1	4	10	4	3	9	3
3400	2	6	10	2	4	8	0
3402	1	1	1	1	0	0	0
3403	1	1	1	3	0	0	2
3404	9	1	10	6	-8	1	-3
3413	1	1	3	3	0	2	2
3414	2	6	4	3	4	2	1
3416	2	1	10	1	-1	8	-1
3418	1	4	6	4	3	5	3
3419	1	10	10	1	9	9	0
3420	2	3	1	4	1	-1	2
3422	5	1	10	1	-4	5	-4
3427	1	3	10	3	2	9	2
3428	2	2	10	2	0	8	0
3430	2	2	10	3	0	8	1
3432	3	10	10	3	7	7	0
3435	1	2	10	4	1	9	3
3436	1	2	1	3	1	0	2
3437	1	10	10	5	9	9	4
3438	1	2	2	1	1	1	0
3439	4	2	1	2	-2	-3	-2
3443	3	2	2	2	-1	-1	-1
3446	1	5	10	5	4	9	4
3447	5	1	10	4	-4	5	-1
3452	2	2	10	1	0	8	-1
3454	1	3	1	4	2	0	3
3455	6	10	10	4	4	4	-2
3461	2	10	10	2	8	8	0
3463	1	0	10	3	-1	9	2
3464	2	1	3	5	-1	1	3
3466	1	3	10	2	2	9	1
3467	3	4	6	1	1	3	-2
3470	1	3	3	2	2	2	1
3471	4	3	10	2	-1	6	-2
3475	3	10	10	4	7	7	1
3478	1	6	10	1	5	9	0
3479	4	3	10	2	-1	6	-2
3483	3	2	3	3	-1	0	0
3486	1	3	1	2	2	0	1
3487	1	1	4	1	0	3	0
3488	1	2	1	1	1	0	0
3489	2	1	1	4	-1	-1	2
3491	2	3	10	3	1	8	1
3493	1	3	1	5	2	0	4
3494	1	1	2	4	0	1	3
3495	2	1	1	2	-1	-1	0
3497	3	1	7	5	-2	4	2
3500	3	1	9	1	-2	6	-2
3503	4	3	10	2	-1	6	-2
3507	2	7	3	1	5	1	-1
3509	6	2	10	1	-4	4	-5
3515	1	9	2	2	8	1	1
3516	3	3	6	2	0	3	-1
3519	2	1	1	3	-1	-1	1
3521	3	1	10	3	-2	7	0
3524	1	9	3	1	8	2	0
3525	2	10	10	1	8	8	-1
3527	4	2	10	2	-2	6	-2
3531	4	10	10	3	6	6	-1
3535	4	9	10	2	5	6	-2
3539	1	10	2	2	9	1	1
3540	3	1	10	2	-2	7	-1
3543	4	10	10	1	6	6	-3
3547	2	1	10	1	-1	8	-1
3549	1	6	9	4	5	8	3
3550	1	1	10	2	0	9	1
3551	4	3	10	1	-1	6	-3
3555	1	1	1	3	0	0	2
3556	2	1	10	2	-1	8	0
3558	4	4	10	3	0	6	-1
3562	5	8	10	3	3	5	-2
3567	3	1	3	2	-2	0	-1
3570	3	10	10	1	7	7	-2
3573	1	1	2	2	0	1	1
3574	2	10	10	1	8	8	-1
3576	1	1	10	1	0	9	0
3577	1	2	6	1	1	5	0
3578	6	10	8	1	4	2	-5
3584	1	4	8	3	3	7	2
3585	2	2	2	3	0	0	1
3587	4	10	10	3	6	6	-1
3591	2	1	9	1	-1	7	-1
3593	2	2	1	4	0	-1	2
3595	4	1	10	2	-3	6	-2
3599	1	9	10	2	8	9	1
3600	4	4	3	1	0	-1	-3
3604	2	3	10	2	1	8	0
3606	2	1	6	2	-1	4	0
3608	1	10	6	3	9	5	2
3609	1	4	3	1	3	2	0
3610	2	6	10	2	4	8	0
3612	1	3	10	4	2	9	3
3613	1	4	2	1	3	1	0
3614	1	3	10	1	2	9	0
3615	1	5	1	4	4	0	3
3616	2	10	2	1	8	0	-1
3618	2	1	4	1	-1	2	-1
3620	1	1	10	5	0	9	4
3621	1	2	4	1	1	3	0
3622	4	1	10	1	-3	6	-3
3626	2	1	1	2	-1	-1	0
3628	4	10	10	2	6	6	-2
3632	1	4	10	2	3	9	1
3633	3	2	1	2	-1	-2	-1
3636	5	10	10	2	5	5	-3
3641	3	10	6	1	7	3	-2
3644	2	5	3	3	3	1	1
3646	4	2	10	1	-2	6	-3
3650	3	2	10	2	-1	7	-1
3653	4	4	10	2	0	6	-2
3657	3	2	1	2	-1	-2	-1
3660	3	1	7	3	-2	4	0
3663	1	2	1	2	1	0	1
3664	4	2	9	2	-2	5	-2
3668	1	10	2	5	9	1	4
3669	2	1	4	3	-1	2	1
3671	2	3	10	2	1	8	0
3673	1	2	3	2	1	2	1
3674	1	1	1	1	0	0	0
3675	1	2	10	2	1	9	1
3676	3	10	5	5	7	2	2
3679	4	1	10	1	-3	6	-3
3683	3	3	7	2	0	4	-1
3686	1	4	10	3	3	9	2
3687	1	10	10	5	9	9	4
3688	2	10	10	2	8	8	0
3690	2	10	10	1	8	8	-1
3692	2	3	10	1	1	8	-1
3694	2	2	1	2	0	-1	0
3696	3	10	10	2	7	7	-1
3699	1	6	10	2	5	9	1
3700	2	4	1	1	2	-1	-1
3702	3	5	10	2	2	7	-1
3705	3	6	10	1	3	7	-2
3708	4	7	10	6	3	6	2
3712	1	2	10	4	1	9	3
3713	1	1	1	3	0	0	2
3714	1	8	10	1	7	9	0
3715	3	8	10	8	5	7	5
3718	2	10	10	2	8	8	0
3720	1	4	10	4	3	9	3
3721	3	2	10	2	-1	7	-1
3724	2	2	1	1	0	-1	-1
3726	3	6	1	1	3	-2	-2
3729	3	10	10	1	7	7	-2
3732	3	3	8	2	0	5	-1
3735	9	1	10	3	-8	1	-6
3744	1	8	1	2	7	0	1
3745	4	10	10	5	6	6	1
3749	5	1	3	1	-4	-2	-4
3754	2	7	10	2	5	8	0
3756	2	2	10	2	0	8	0
3758	5	10	10	1	5	5	-4
3763	1	4	9	2	3	8	1
3764	2	7	10	2	5	8	0
3766	1	10	10	5	9	9	4
3767	2	3	10	4	1	8	2
3769	2	6	4	3	4	2	1
3771	3	8	10	4	5	7	1
3774	2	9	10	1	7	8	-1
3776	1	1	1	6	0	0	5
3777	1	4	10	1	3	9	0
3778	1	6	10	3	5	9	2
3779	5	4	10	2	-1	5	-3
3784	2	4	10	2	2	8	0
3786	2	2	10	2	0	8	0
3788	4	3	10	1	-1	6	-3
3792	2	2	10	1	0	8	-1
3794	2	5	2	2	3	0	0
3796	4	10	10	4	6	6	0
3800	3	1	10	1	-2	7	-2
3803	3	10	10	1	7	7	-2
3806	3	1	1	3	-2	-2	0
3809	3	1	4	3	-2	1	0
3812	1	4	10	6	3	9	5
3813	1	1	7	1	0	6	0
3814	7	3	10	3	-4	3	-4
3821	2	3	7	1	1	5	-1
3823	2	2	10	4	0	8	2
3825	6	2	10	4	-4	4	-2
3831	4	4	10	1	0	6	-3
3835	2	10	10	2	8	8	0
3837	2	10	10	2	8	8	0
3839	2	1	10	1	-1	8	-1
3841	4	10	10	1	6	6	-3
3845	4	1	10	2	-3	6	-2
3849	5	2	10	3	-3	5	-2
3854	1	10	10	1	9	9	0
3855	1	2	1	2	1	0	1
3856	2	1	2	2	-1	0	0
3858	1	4	4	2	3	3	1
3859	2	6	10	3	4	8	1
3861	2	1	2	1	-1	0	-1
3863	6	2	2	2	-4	-4	-4
3869	2	4	3	8	2	1	6
3871	1	0	3	3	-1	2	2
3872	2	1	10	5	-1	8	3
3874	2	1	10	2	-1	8	0
3876	4	2	2	3	-2	-2	-1
3880	3	1	10	4	-2	7	1
3883	2	1	1	4	-1	-1	2
3885	2	4	1	2	2	-1	0
3887	1	4	9	3	3	8	2
3888	1	2	2	3	1	1	2
3889	2	1	3	1	-1	1	-1
3891	1	1	3	2	0	2	1
3892	2	1	10	1	-1	8	-1
3894	3	10	10	3	7	7	0
3897	3	3	10	4	0	7	1
3900	2	2	10	3	0	8	1
3902	1	4	3	2	3	2	1
3903	3	1	10	4	-2	7	1
3906	1	3	6	4	2	5	3
3907	2	1	4	1	-1	2	-1
3909	2	2	10	3	0	8	1
3911	2	3	6	3	1	4	1
3913	4	10	10	5	6	6	1
3917	2	10	10	2	8	8	0
3919	1	7	10	1	6	9	0
3920	1	1	1	1	0	0	0
3921	3	2	10	2	-1	7	-1
3924	1	7	10	3	6	9	2
3925	2	3	10	2	1	8	0
3927	4	10	10	3	6	6	-1
3931	1	3	3	4	2	2	3
3932	1	9	10	3	8	9	2
3933	1	3	10	1	2	9	0
3934	1	4	10	4	3	9	3
3935	1	2	2	2	1	1	1
3936	2	3	10	1	1	8	-1
3938	4	3	4	2	-1	0	-2
3942	1	9	10	7	8	9	6
3943	2	1	10	2	-1	8	0
3945	3	1	10	7	-2	7	4
3948	4	10	10	3	6	6	-1
3952	1	6	10	1	5	9	0
3953	1	10	10	1	9	9	0
3954	2	4	1	1	2	-1	-1
3956	1	6	8	3	5	7	2
3957	3	1	10	1	-2	7	-2
3960	3	3	10	1	0	7	-2
3963	1	2	1	1	1	0	0
3964	3	2	8	3	-1	5	0
3967	3	7	3	3	4	0	0
3970	1	3	3	2	2	2	1
3971	2	1	1	2	-1	-1	0
3973	1	3	3	3	2	2	2
3974	2	8	9	3	6	7	1
3976	1	4	4	1	3	3	0
3977	1	3	6	1	2	5	0
3978	1	4	10	5	3	9	4
3979	3	6	10	2	3	7	-1
3982	3	2	10	5	-1	7	2
3985	1	1	1	1	0	0	0
3986	1	10	10	2	9	9	1
3987	1	3	3	2	2	2	1
3988	5	10	10	2	5	5	-3
3993	3	1	10	6	-2	7	3
3996	1	10	10	3	9	9	2
3997	3	1	10	3	-2	7	0
4000	2	10	1	3	8	-1	1
4002	2	8	10	1	6	8	-1
4004	1	3	6	1	2	5	0
4005	3	1	10	3	-2	7	0
4008	2	2	10	3	0	8	1
4010	1	1	1	3	0	0	2
4011	1	1	1	5	0	0	4
4012	1	1	1	1	0	0	0
4013	3	10	10	1	7	7	-2
4016	2	7	6	2	5	4	0
4018	1	3	3	4	2	2	3
4019	2	10	10	1	8	8	-1
4021	2	1	1	2	-1	-1	0
4023	4	2	10	1	-2	6	-3
4027	2	1	3	3	-1	1	1
4029	1	3	4	4	2	3	3
4030	2	1	1	5	-1	-1	3
4032	4	10	10	3	6	6	-1
4036	1	6	10	7	5	9	6
4037	5	1	10	3	-4	5	-2
4042	1	3	1	4	2	0	3
4043	1	10	10	3	9	9	2
4044	2	6	3	3	4	1	1
4046	3	7	10	1	4	7	-2
4049	1	6	10	1	5	9	0
4050	2	3	3	2	1	1	0
4052	4	2	1	3	-2	-3	-1
4056	1	1	1	2	0	0	1
4057	1	1	3	3	0	2	2
4058	1	4	10	1	3	9	0
4059	1	1	1	1	0	0	0
4060	2	1	10	1	-1	8	-1
4062	5	2	10	1	-3	5	-4
4067	1	1	7	7	0	6	6
4068	4	3	1	1	-1	-3	-3
4072	1	3	4	2	2	3	1
4073	2	1	1	2	-1	-1	0
4075	5	4	10	2	-1	5	-3
4080	5	6	10	2	1	5	-3
4085	3	10	10	8	7	7	5
4088	1	8	5	4	7	4	3
4089	5	1	10	5	-4	5	0
4094	3	1	10	2	-2	7	-1
4097	2	1	1	2	-1	-1	0
4099	1	1	4	3	0	3	2
4100	1	4	10	2	3	9	1
4101	6	4	3	2	-2	-3	-4
4107	3	6	3	2	3	0	-1
4110	1	1	4	2	0	3	1
4111	1	10	10	3	9	9	2
4112	2	1	10	3	-1	8	1
4114	1	1	1	1	0	0	0
4115	1	0	10	1	-1	9	0
4116	1	1	4	1	0	3	0
4117	1	3	3	2	2	2	1
4118	3	10	6	1	7	3	-2
4121	1	2	3	1	1	2	0
4122	3	3	10	3	0	7	0
4125	2	2	10	3	0	8	1
4127	1	2	1	1	1	0	0
4128	1	3	1	3	2	0	2
4129	3	3	10	1	0	7	-2
4132	7	10	10	5	3	3	-2
4139	6	3	1	7	-3	-5	1
4145	1	8	1	4	7	0	3
4146	6	10	10	4	4	4	-2
4152	1	3	10	2	2	9	1
4153	2	4	10	1	2	8	-1
4155	1	3	3	3	2	2	2
4156	1	3	1	2	2	0	1
4157	1	3	1	1	2	0	0
4158	1	5	7	2	4	6	1
4159	2	10	9	2	8	7	0
4161	1	10	10	2	9	9	1
4162	4	6	10	3	2	6	-1
4166	1	3	4	1	2	3	0
4167	1	1	2	5	0	1	4
4168	2	9	3	3	7	1	1
4170	3	10	9	1	7	6	-2
4173	2	5	5	2	3	3	0
4175	1	1	1	3	0	0	2
4176	2	2	1	4	0	-1	2
4178	1	1	2	3	0	1	2
4179	2	6	10	4	4	8	2
4181	5	6	8	2	1	3	-3
4186	8	10	10	2	2	2	-6
4194	3	2	10	1	-1	7	-2
4197	1	3	7	2	2	6	1
4198	6	10	10	1	4	4	-5
4204	1	3	10	3	2	9	2
4205	2	1	9	4	-1	7	2
4207	6	1	10	4	-5	4	-2
4213	5	10	10	2	5	5	-3
4218	1	10	10	1	9	9	0
4219	2	1	10	2	-1	8	0
4221	3	10	10	3	7	7	0
4224	2	1	8	1	-1	6	-1
4226	1	3	4	7	2	3	6
4227	2	1	1	1	-1	-1	-1
4229	4	1	1	6	-3	-3	2
4233	1	1	1	1	0	0	0
4234	3	4	4	1	1	1	-2
4237	3	1	10	3	-2	7	0
4240	1	1	3	1	0	2	0
4241	3	1	4	2	-2	1	-1
4244	5	1	10	1	-4	5	-4
4249	1	4	10	4	3	9	3
4250	3	1	3	1	-2	0	-2
4253	3	3	3	8	0	0	5
4256	3	9	10	1	6	7	-2
4259	2	1	1	5	-1	-1	3
4261	3	4	10	1	1	7	-2
4264	2	2	10	3	0	8	1
4266	1	10	10	1	9	9	0
4267	3	6	10	2	3	7	-1
4270	3	2	1	3	-1	-2	0
4273	1	2	1	1	1	0	0
4274	2	2	10	1	0	8	-1
4276	3	1	1	1	-2	-2	-2
4279	1	3	3	3	2	2	2
4280	2	4	6	1	2	4	-1
4282	1	10	2	2	9	1	1
4283	1	6	10	2	5	9	1
4284	1	2	10	3	1	9	2
4285	1	1	1	2	0	0	1
4286	1	10	10	2	9	9	1
4287	4	1	10	1	-3	6	-3
4291	3	2	2	1	-1	-1	-2
4294	2	5	10	1	3	8	-1
4296	6	10	10	3	4	4	-3
4302	1	1	3	6	0	2	5
4303	1	2	1	2	1	0	1
4304	5	2	1	2	-3	-4	-3
4309	4	3	6	1	-1	2	-3
4313	1	1	1	1	0	0	0
4314	2	2	9	6	0	7	4
4316	3	5	10	3	2	7	0
4319	3	2	1	2	-1	-2	-1
4322	2	2	10	1	0	8	-1
4324	3	3	10	1	0	7	-2
4327	4	3	10	2	-1	6	-2
4331	1	4	6	2	3	5	1
4332	2	1	1	1	-1	-1	-1
4334	1	10	10	7	9	9	6
4335	2	2	1	2	0	-1	0
4337	1	1	2	2	0	1	1
4338	1	4	10	1	3	9	0
4339	1	1	2	1	0	1	0
4340	1	5	2	2	4	1	1
4341	4	10	10	6	6	6	2
4345	4	3	6	3	-1	2	-1
4349	2	1	9	2	-1	7	0
4351	4	4	10	1	0	6	-3
4355	1	3	2	2	2	1	1
4356	1	3	2	2	2	1	1
4357	2	2	10	4	0	8	2
4359	1	1	10	4	0	9	3
4360	2	3	10	4	1	8	2
4362	2	1	8	2	-1	6	0
4364	1	2	1	2	1	0	1
4365	1	2	1	3	1	0	2
4366	4	10	10	1	6	6	-3
4370	2	2	1	4	0	-1	2
4372	2	1	6	1	-1	4	-1
4374	2	4	10	4	2	8	2
4376	3	1	10	5	-2	7	2
4379	1	4	10	1	3	9	0
4380	2	2	10	2	0	8	0
4382	3	4	2	2	1	-1	-1
4385	6	6	3	3	0	-3	-3
4391	1	2	10	5	1	9	4
4392	3	10	6	1	7	3	-2
4395	2	2	10	3	0	8	1
4397	1	1	7	1	0	6	0
4398	2	3	10	1	1	8	-1
4400	2	8	2	2	6	0	0
4402	3	4	10	3	1	7	0
4405	1	10	10	1	9	9	0
4406	1	1	8	2	0	7	1
4407	1	10	10	3	9	9	2
4408	5	3	3	1	-2	-2	-4
4413	3	2	5	3	-1	2	0
4416	2	10	10	1	8	8	-1
4418	4	10	10	1	6	6	-3
4422	1	2	10	2	1	9	1
4423	2	10	10	5	8	8	3
4425	2	1	2	2	-1	0	0
4427	2	3	8	4	1	6	2
4429	4	9	10	1	5	6	-3
4433	1	2	10	2	1	9	1
4434	4	4	10	1	0	6	-3
4438	2	3	10	3	1	8	1
4440	3	6	3	5	3	0	2
4443	2	3	2	1	1	0	-1
4445	1	10	10	1	9	9	0
4446	6	3	10	2	-3	4	-4
4452	2	1	1	3	-1	-1	1
4454	2	2	10	2	0	8	0
4456	3	1	4	4	-2	1	1
4459	5	2	1	3	-3	-4	-2
4464	3	10	10	1	7	7	-2
4467	2	1	10	1	-1	8	-1
4469	7	10	10	3	3	3	-4
4476	2	1	10	1	-1	8	-1
4478	1	10	6	1	9	5	0
4479	2	1	1	2	-1	-1	0
4481	1	10	10	4	9	9	3
4482	2	1	1	1	-1	-1	-1
4484	2	2	1	6	0	-1	4
4486	1	1	1	1	0	0	0
4487	2	3	1	7	1	-1	5
4489	2	1	1	1	-1	-1	-1
4491	4	5	8	2	1	4	-2
4495	2	2	2	2	0	0	0
4497	1	6	7	2	5	6	1
4498	1	4	3	2	3	2	1
4499	2	3	10	1	1	8	-1
4501	1	4	4	4	3	3	3
4502	3	9	10	6	6	7	3
4505	2	4	9	2	2	7	0
4507	2	1	2	1	-1	0	-1
4509	2	3	10	1	1	8	-1
4511	1	5	10	4	4	9	3
4512	2	10	3	4	8	1	2
4514	5	2	1	3	-3	-4	-2
4519	1	8	10	1	7	9	0
4520	2	2	10	7	0	8	5
4522	4	2	10	3	-2	6	-1
4526	1	10	4	3	9	3	2
4527	3	7	6	2	4	3	-1
4530	5	3	7	2	-2	2	-3
4535	1	2	10	1	1	9	0
4536	1	3	10	1	2	9	0
4537	1	3	4	1	2	3	0
4538	5	1	10	2	-4	5	-3
4543	4	1	2	2	-3	-2	-2
4547	1	2	6	2	1	5	1
4548	5	2	9	1	-3	4	-4
4553	1	10	6	4	9	5	3
4554	3	2	2	3	-1	-1	0
4557	4	1	10	2	-3	6	-2
4561	2	10	10	1	8	8	-1
4563	1	7	10	4	6	9	3
4564	2	2	1	2	0	-1	0
4566	2	3	4	5	1	2	3
4568	1	1	10	1	0	9	0
4569	1	3	3	2	2	2	1
4570	1	3	1	1	2	0	0
4571	1	9	9	4	8	8	3
4572	8	10	10	1	2	2	-7
4580	2	6	4	3	4	2	1
4582	1	6	5	4	5	4	3
4583	6	1	10	1	-5	4	-5
4589	5	2	1	1	-3	-4	-4
4594	6	1	10	1	-5	4	-5
4600	4	10	6	2	6	2	-2
4604	1	1	1	2	0	0	1
4605	3	10	10	1	7	7	-2
4608	3	8	3	3	5	0	0
4611	1	4	10	1	3	9	0
4612	1	3	10	1	2	9	0
4613	4	2	10	2	-2	6	-2
4617	1	1	4	1	0	3	0
4618	1	1	6	4	0	5	3
4619	4	2	6	3	-2	2	-1
4623	3	2	8	3	-1	5	0
4626	1	2	10	4	1	9	3
4627	2	1	10	2	-1	8	0
4629	1	1	8	2	0	7	1
4630	2	2	1	2	0	-1	0
4632	4	10	10	3	6	6	-1
4636	2	1	9	1	-1	7	-1
4638	3	8	10	3	5	7	0
4641	4	10	10	3	6	6	-1
4645	1	0	1	6	-1	0	5
4646	2	6	10	1	4	8	-1
4648	3	2	10	2	-1	7	-1
4651	2	2	1	3	0	-1	1
4653	2	8	10	1	6	8	-1
4655	3	7	10	3	4	7	0
4658	1	8	7	3	7	6	2
4659	2	9	10	1	7	8	-1
4661	1	10	10	2	9	9	1
4662	4	10	10	5	6	6	1
4666	2	5	10	1	3	8	-1
4668	1	2	10	2	1	9	1
4669	2	2	2	6	0	0	4
4671	4	10	6	1	6	2	-3
4675	5	4	6	1	-1	1	-4
4680	2	10	10	2	8	8	0
4682	1	1	1	3	0	0	2
4683	1	6	10	3	5	9	2
4684	2	2	1	2	0	-1	0
4686	4	6	10	3	2	6	-1
4690	2	1	10	4	-1	8	2
4692	2	2	9	2	0	7	0
4694	1	2	1	3	1	0	2
4695	2	2	6	3	0	4	1
4697	4	10	10	4	6	6	0
4701	2	1	2	2	-1	0	0
4703	2	1	1	3	-1	-1	1
4705	3	1	10	1	-2	7	-2
4708	2	2	1	1	0	-1	-1
4710	2	3	3	5	1	1	3
4712	2	6	10	3	4	8	1
4714	4	1	10	2	-3	6	-2
4718	2	3	6	2	1	4	0
4720	4	1	4	1	-3	0	-3
4724	2	10	10	4	8	8	2
4726	6	3	10	5	-3	4	-1
4732	3	9	10	2	6	7	-1
4735	5	10	9	2	5	4	-3
4740	1	10	10	2	9	9	1
4741	1	10	10	4	9	9	3
4742	4	10	6	3	6	2	-1
4746	1	2	3	4	1	2	3
4747	3	1	4	2	-2	1	-1
4750	1	4	1	3	3	0	2
4751	1	8	2	2	7	1	1
4752	7	4	9	2	-3	2	-5
4759	5	10	10	3	5	5	-2
4764	1	10	10	3	9	9	2
4765	3	2	1	1	-1	-2	-2
4768	3	1	2	1	-2	-1	-2
4771	3	9	10	2	6	7	-1
4774	6	10	10	1	4	4	-5
4780	7	2	10	1	-5	3	-6
4787	7	10	10	1	3	3	-6
4794	2	2	3	1	0	1	-1
4796	2	10	2	5	8	0	3
4798	2	6	10	1	4	8	-1
4800	2	3	10	3	1	8	1
4802	1	10	10	1	9	9	0
4803	1	3	3	2	2	2	1
4804	2	1	4	1	-1	2	-1
4806	2	1	10	1	-1	8	-1
4808	4	10	10	2	6	6	-2
4812	1	1	3	3	0	2	2
4813	5	10	10	3	5	5	-2
4818	1	4	10	1	3	9	0
4819	4	10	10	1	6	6	-3
4823	1	8	10	2	7	9	1
4824	1	10	10	2	9	9	1
4825	2	1	2	3	-1	0	1
4827	4	6	10	2	2	6	-2
4831	6	2	10	2	-4	4	-4
4837	2	10	10	2	8	8	0
4839	2	10	10	2	8	8	0
4841	4	5	10	1	1	6	-3
4845	2	1	3	1	-1	1	-1
4847	4	2	10	2	-2	6	-2
4851	3	4	10	1	1	7	-2
4854	2	6	9	3	4	7	1
4856	1	3	1	1	2	0	0
4857	6	3	9	3	-3	3	-3
4863	4	2	2	2	-2	-2	-2
4867	2	3	10	3	1	8	1
4869	1	2	1	1	1	0	0
4870	3	3	10	2	0	7	-1
4873	1	2	2	1	1	1	0
4874	3	4	1	1	1	-2	-2
4877	2	1	1	4	-1	-1	2
4879	1	0	4	1	-1	3	0
4880	6	6	3	2	0	-3	-4
4886	2	6	3	5	4	1	3
4888	3	2	1	3	-1	-2	0
4891	2	10	9	1	8	7	-1
4893	1	2	9	1	1	8	0
4894	2	1	10	2	-1	8	0
4896	2	2	1	2	0	-1	0
4898	1	2	1	1	1	0	0
4899	2	10	10	1	8	8	-1
4901	1	1	4	1	0	3	0
4902	2	4	1	1	2	-1	-1
4904	1	1	1	2	0	0	1
4905	3	2	1	3	-1	-2	0
4908	1	1	4	4	0	3	3
4909	2	6	10	5	4	8	3
4911	6	10	10	2	4	4	-4
4917	3	1	2	2	-2	-1	-1
4920	7	10	10	3	3	3	-4
4927	3	1	10	3	-2	7	0
4930	2	10	9	3	8	7	1
4932	2	7	3	1	5	1	-1
4934	1	3	9	2	2	8	1
4935	3	6	1	2	3	-2	-1
4938	2	1	10	1	-1	8	-1
4940	5	1	10	4	-4	5	-1
4945	2	1	10	1	-1	8	-1
4947	1	10	10	2	9	9	1
4948	1	4	10	2	3	9	1
4949	3	10	10	1	7	7	-2
4952	3	10	10	2	7	7	-1
4955	1	0	8	1	-1	7	0
4956	1	10	10	1	9	9	0
4957	3	4	10	1	1	7	-2
4960	1	2	10	2	1	9	1
4961	6	4	2	2	-2	-4	-4
4967	7	8	10	1	1	3	-6
4974	2	2	2	1	0	0	-1
4976	3	2	10	3	-1	7	0
4979	4	1	1	1	-3	-3	-3
4983	3	10	10	3	7	7	0
4986	1	1	2	5	0	1	4
4987	5	4	10	2	-1	5	-3
4992	2	1	10	2	-1	8	0
4994	3	1	6	1	-2	3	-2
4997	2	1	1	4	-1	-1	2
4999	7	6	10	2	-1	3	-5
5006	2	6	10	3	4	8	1
5008	4	1	10	4	-3	6	0
5012	4	2	10	1	-2	6	-3
5016	5	3	10	2	-2	5	-3
5021	2	1	1	1	-1	-1	-1
5023	3	3	7	1	0	4	-2
5026	1	10	10	1	9	9	0
5027	1	7	10	2	6	9	1
5028	1	1	1	5	0	0	4
5029	1	4	1	6	3	0	5
5030	1	6	6	6	5	5	5
5031	4	3	10	1	-1	6	-3
5035	4	10	10	2	6	6	-2
5039	1	7	10	1	6	9	0
5040	5	10	10	2	5	5	-3
5045	2	3	3	1	1	1	-1
5047	1	1	2	1	0	1	0
5048	1	2	10	1	1	9	0
5049	1	1	1	1	0	0	0
5050	2	10	10	1	8	8	-1
5052	1	3	3	5	2	2	4
5053	3	6	10	4	3	7	1
5056	2	1	3	1	-1	1	-1
5058	1	5	10	5	4	9	4
5059	2	4	10	3	2	8	1
5061	1	6	10	1	5	9	0
5062	1	10	10	1	9	9	0
5063	2	3	3	1	1	1	-1
5065	3	4	4	3	1	1	0
5068	1	1	1	3	0	0	2
5069	2	10	10	6	8	8	4
5071	1	1	1	3	0	0	2
5072	2	1	10	1	-1	8	-1
5074	1	1	4	3	0	3	2
5075	1	10	10	3	9	9	2
5076	1	3	10	2	2	9	1
5077	6	1	10	2	-5	4	-4
5083	3	10	10	1	7	7	-2
5086	2	1	10	1	-1	8	-1
5088	1	4	10	3	3	9	2
5089	2	1	2	3	-1	0	1
5091	2	1	2	1	-1	0	-1
5093	2	6	5	3	4	3	1
5095	5	1	10	4	-4	5	-1
5100	2	3	10	5	1	8	3
5102	2	4	6	1	2	4	-1
5104	5	7	5	3	2	0	-2
5109	1	1	4	5	0	3	4
5110	5	10	9	2	5	4	-3
5115	1	3	3	1	2	2	0
5116	1	3	3	1	2	2	0
5117	2	10	9	1	8	7	-1
5119	1	2	10	2	1	9	1
5120	2	2	2	1	0	0	-1
5122	3	3	10	2	0	7	-1
5125	3	2	5	4	-1	2	1
5128	1	2	3	4	1	2	3
5129	2	2	10	2	0	8	0
5131	1	3	3	8	2	2	7
5132	1	1	1	1	0	0	0
5133	5	10	10	4	5	5	-1
5138	1	6	4	2	5	3	1
5139	2	1	10	1	-1	8	-1
5141	3	2	2	1	-1	-1	-2
5144	3	1	1	3	-2	-2	0
5147	2	9	10	4	7	8	2
5149	1	1	1	2	0	0	1
5150	1	10	4	1	9	3	0
5151	1	1	1	2	0	0	1
5152	2	1	10	2	-1	8	0
5154	2	3	3	1	1	1	-1
5156	2	4	10	1	2	8	-1
5158	1	1	1	4	0	0	3
5159	1	8	2	1	7	1	0
5160	2	1	8	2	-1	6	0
5162	2	1	10	2	-1	8	0
5164	2	5	2	3	3	0	1
5166	1	1	3	1	0	2	0
5167	2	2	3	3	0	1	1
5169	1	1	10	2	0	9	1
5170	1	1	1	5	0	0	4
5171	1	10	1	3	9	0	2
5172	2	1	7	1	-1	5	-1
5174	2	3	1	1	1	-1	-1
5176	1	6	10	1	5	9	0
5177	2	6	7	3	4	5	1
5179	2	1	5	1	-1	3	-1
5181	2	3	2	3	1	0	1
5183	2	10	10	2	8	8	0
5185	1	4	10	4	3	9	3
5186	1	1	3	5	0	2	4
5187	1	1	2	2	0	1	1
5188	2	1	3	1	-1	1	-1
5190	2	2	6	2	0	4	0
5192	1	6	2	4	5	1	3
5193	4	2	4	3	-2	0	-1
5197	1	1	2	6	0	1	5
5198	1	1	1	1	0	0	0
5199	2	2	4	3	0	2	1
5201	1	0	1	6	-1	0	5
5202	2	2	10	2	0	8	0
5204	3	2	10	4	-1	7	1
5207	2	1	1	4	-1	-1	2
5209	3	3	4	3	0	1	0
5212	4	4	10	1	0	6	-3
5216	1	3	1	3	2	0	2
5217	1	1	10	3	0	9	2
5218	1	1	10	1	0	9	0
5219	2	10	10	3	8	8	1
5221	1	1	4	4	0	3	3
5222	2	2	4	2	0	2	0
5224	3	10	10	3	7	7	0
5227	2	10	10	2	8	8	0
5229	2	1	3	2	-1	1	0
5231	1	8	10	1	7	9	0
5232	2	6	10	2	4	8	0
5234	2	3	3	2	1	1	0
5236	2	10	10	1	8	8	-1
5238	3	1	10	1	-2	7	-2
5241	1	1	10	3	0	9	2
5242	1	5	10	1	4	9	0
5243	1	1	1	2	0	0	1
5244	1	1	2	2	0	1	1
5245	4	3	10	1	-1	6	-3
5249	4	2	9	1	-2	5	-3
5253	3	9	7	2	6	4	-1
5256	2	4	4	2	2	2	0
5258	1	3	1	1	2	0	0
5259	3	1	1	7	-2	-2	4
5262	1	10	8	1	9	7	0
5263	1	1	10	3	0	9	2
5264	2	1	1	1	-1	-1	-1
5266	1	1	10	2	0	9	1
5267	2	2	10	1	0	8	-1
