sen_id	gold	dev_gr99_k10	dev_gr100_all	dev_gr200_all	gr99 - gold	gr100 - gold	gr200 - gold
0	4	1	1	10	-3	-3	6
4	2	4	10	10	2	8	8
6	1	8	8	10	7	7	9
7	1	4	6	3	3	5	2
8	3	4	4	10	1	1	7
11	1	1	4	2	0	3	1
12	4	10	10	10	6	6	6
16	1	6	10	10	5	9	9
17	3	2	2	10	-1	-1	7
20	4	3	4	10	-1	0	6
24	9	6	10	9	-3	1	0
33	4	4	8	10	0	4	6
37	1	1	2	6	0	1	5
38	2	1	1	1	-1	-1	-1
40	1	1	1	2	0	0	1
41	1	1	1	4	0	0	3
42	1	1	10	10	0	9	9
43	2	2	6	1	0	4	-1
45	1	2	2	4	1	1	3
46	2	1	1	10	-1	-1	8
48	2	1	1	3	-1	-1	1
50	1	1	1	1	0	0	0
51	1	1	1	10	0	0	9
52	1	6	8	4	5	7	3
53	2	3	3	10	1	1	8
55	2	1	1	2	-1	-1	0
57	1	1	6	5	0	5	4
58	1	1	1	10	0	0	9
59	3	1	1	1	-2	-2	-2
62	2	3	3	1	1	1	-1
64	3	1	2	10	-2	-1	7
67	2	1	1	1	-1	-1	-1
69	2	3	9	10	1	7	8
71	1	2	4	6	1	3	5
72	5	1	10	10	-4	5	5
77	4	3	4	10	-1	0	6
81	3	2	2	3	-1	-1	0
84	2	1	1	10	-1	-1	8
86	1	2	5	10	1	4	9
87	3	1	1	10	-2	-2	7
90	1	1	10	10	0	9	9
91	3	1	1	6	-2	-2	3
94	1	3	2	10	2	1	9
95	3	1	2	2	-2	-1	-1
98	1	1	1	1	0	0	0
99	1	1	2	3	0	1	2
100	1	1	1	4	0	0	3
101	3	2	2	1	-1	-1	-2
104	1	1	1	2	0	0	1
105	2	1	2	2	-1	0	0
107	3	1	4	10	-2	1	7
110	2	1	1	10	-1	-1	8
112	2	1	1	1	-1	-1	-1
114	1	6	6	4	5	5	3
115	2	1	1	2	-1	-1	0
117	1	1	6	4	0	5	3
118	2	2	2	10	0	0	8
120	3	1	1	2	-2	-2	-1
123	1	2	2	10	1	1	9
124	3	1	2	3	-2	-1	0
127	1	1	1	3	0	0	2
128	2	6	10	10	4	8	8
130	1	6	10	4	5	9	3
131	2	1	2	3	-1	0	1
133	1	1	1	1	0	0	0
134	1	1	1	1	0	0	0
135	2	3	3	4	1	1	2
137	4	1	2	3	-3	-2	-1
141	2	1	2	1	-1	0	-1
143	2	1	1	1	-1	-1	-1
145	1	1	1	3	0	0	2
146	1	1	1	3	0	0	2
147	1	4	5	10	3	4	9
148	1	1	2	1	0	1	0
149	2	10	10	10	8	8	8
151	2	4	10	10	2	8	8
153	2	3	3	1	1	1	-1
155	2	1	2	1	-1	0	-1
157	2	1	2	1	-1	0	-1
159	2	1	1	10	-1	-1	8
161	2	1	1	4	-1	-1	2
163	3	4	10	10	1	7	7
166	1	2	3	10	1	2	9
167	3	1	2	3	-2	-1	0
170	4	1	1	10	-3	-3	6
174	2	1	1	3	-1	-1	1
176	1	1	1	1	0	0	0
177	3	3	3	7	0	0	4
180	1	2	3	3	1	2	2
181	2	2	2	2	0	0	0
183	3	3	3	7	0	0	4
186	3	1	2	2	-2	-1	-1
189	1	2	3	3	1	2	2
190	1	2	10	4	1	9	3
191	2	1	1	1	-1	-1	-1
193	3	1	1	2	-2	-2	-1
196	2	1	1	1	-1	-1	-1
198	1	1	1	2	0	0	1
199	3	10	10	10	7	7	7
202	2	2	2	7	0	0	5
204	1	1	1	1	0	0	0
205	3	2	2	10	-1	-1	7
208	1	1	1	1	0	0	0
209	1	3	2	10	2	1	9
210	3	1	1	4	-2	-2	1
213	1	1	1	3	0	0	2
214	6	2	2	10	-4	-4	4
220	3	1	2	10	-2	-1	7
223	4	6	1	10	2	-3	6
227	6	1	10	10	-5	4	4
233	5	3	3	3	-2	-2	-2
238	2	1	1	3	-1	-1	1
240	1	1	1	1	0	0	0
241	1	4	10	3	3	9	2
242	3	4	1	9	1	-2	6
245	4	3	3	4	-1	-1	0
249	1	7	10	10	6	9	9
250	4	2	2	6	-2	-2	2
254	2	1	2	6	-1	0	4
256	5	3	6	10	-2	1	5
261	6	1	2	10	-5	-4	4
267	2	1	2	1	-1	0	-1
269	5	2	2	10	-3	-3	5
274	1	1	3	5	0	2	4
275	2	1	1	10	-1	-1	8
277	1	1	1	1	0	0	0
278	1	4	7	10	3	6	9
279	1	1	2	3	0	1	2
280	2	1	2	3	-1	0	1
282	1	1	3	4	0	2	3
283	1	1	6	10	0	5	9
284	1	1	3	1	0	2	0
285	4	10	10	10	6	6	6
289	4	1	1	10	-3	-3	6
293	2	4	1	10	2	-1	8
295	2	1	3	2	-1	1	0
297	2	3	3	10	1	1	8
299	7	3	10	10	-4	3	3
306	2	1	1	10	-1	-1	8
308	3	2	2	1	-1	-1	-2
311	2	1	1	4	-1	-1	2
313	2	2	10	10	0	8	8
315	3	3	4	10	0	1	7
318	1	1	2	1	0	1	0
319	2	10	10	10	8	8	8
321	2	2	2	3	0	0	1
323	2	8	3	10	6	1	8
325	2	1	2	2	-1	0	0
327	1	1	1	10	0	0	9
328	1	1	2	5	0	1	4
329	4	4	4	10	0	0	6
333	2	2	4	10	0	2	8
335	1	1	1	1	0	0	0
336	2	1	2	2	-1	0	0
338	2	2	2	6	0	0	4
340	4	1	2	10	-3	-2	6
344	1	1	1	1	0	0	0
345	3	1	1	7	-2	-2	4
348	2	2	10	10	0	8	8
350	1	8	9	3	7	8	2
351	1	1	1	3	0	0	2
352	4	1	2	1	-3	-2	-3
356	1	1	2	1	0	1	0
357	4	1	1	10	-3	-3	6
361	3	1	1	10	-2	-2	7
364	2	2	1	10	0	-1	8
366	2	2	2	2	0	0	0
368	3	3	3	10	0	0	7
371	2	2	3	10	0	1	8
373	3	10	2	10	7	-1	7
376	3	1	1	2	-2	-2	-1
379	1	1	1	2	0	0	1
380	3	1	4	1	-2	1	-2
383	3	1	1	3	-2	-2	0
386	1	4	4	1	3	3	0
387	1	1	1	1	0	0	0
388	2	1	2	1	-1	0	-1
390	4	3	1	10	-1	-3	6
394	2	6	6	10	4	4	8
396	3	10	10	10	7	7	7
399	3	10	10	10	7	7	7
402	3	10	10	10	7	7	7
405	1	0	0	10	-1	-1	9
406	2	2	3	10	0	1	8
408	4	1	1	2	-3	-3	-2
412	2	7	10	10	5	8	8
414	2	2	3	10	0	1	8
416	3	6	8	10	3	5	7
419	5	10	10	10	5	5	5
424	1	1	1	1	0	0	0
425	4	1	10	10	-3	6	6
429	7	3	10	10	-4	3	3
436	4	1	4	10	-3	0	6
440	1	1	1	1	0	0	0
441	1	3	10	10	2	9	9
442	4	10	10	10	6	6	6
446	2	1	3	1	-1	1	-1
448	4	1	2	3	-3	-2	-1
452	1	6	7	4	5	6	3
453	1	6	6	10	5	5	9
454	3	1	1	6	-2	-2	3
457	3	2	2	10	-1	-1	7
460	3	1	1	8	-2	-2	5
463	2	1	4	10	-1	2	8
465	1	1	2	10	0	1	9
466	3	2	4	8	-1	1	5
469	2	1	2	1	-1	0	-1
471	1	1	3	2	0	2	1
472	2	1	3	10	-1	1	8
474	2	1	1	1	-1	-1	-1
476	3	10	4	10	7	1	7
479	4	10	10	10	6	6	6
483	2	1	1	4	-1	-1	2
485	2	4	10	10	2	8	8
487	1	1	3	10	0	2	9
488	2	1	1	1	-1	-1	-1
490	5	4	8	10	-1	3	5
495	2	10	10	10	8	8	8
497	1	1	6	10	0	5	9
498	2	1	1	4	-1	-1	2
500	1	1	1	2	0	0	1
501	1	1	3	1	0	2	0
502	1	1	1	10	0	0	9
503	1	2	3	3	1	2	2
504	1	4	3	7	3	2	6
505	1	1	1	10	0	0	9
506	2	1	4	10	-1	2	8
508	2	4	10	10	2	8	8
510	1	1	1	1	0	0	0
511	1	1	1	1	0	0	0
512	4	1	1	6	-3	-3	2
516	4	1	1	6	-3	-3	2
520	4	3	10	10	-1	6	6
524	9	6	10	10	-3	1	1
533	2	1	2	1	-1	0	-1
535	3	6	4	1	3	1	-2
538	7	3	3	10	-4	-4	3
545	2	6	6	1	4	4	-1
547	2	2	2	1	0	0	-1
549	2	2	2	10	0	0	8
551	2	8	6	4	6	4	2
553	5	2	1	10	-3	-4	5
558	2	1	2	9	-1	0	7
560	1	1	1	3	0	0	2
561	2	10	10	10	8	8	8
563	3	3	4	10	0	1	7
566	3	2	2	2	-1	-1	-1
569	5	10	10	10	5	5	5
574	2	1	1	10	-1	-1	8
576	2	2	6	10	0	4	8
578	1	3	4	10	2	3	9
579	4	1	2	10	-3	-2	6
583	3	1	1	10	-2	-2	7
586	1	3	6	4	2	5	3
587	2	4	6	3	2	4	1
589	3	1	1	10	-2	-2	7
592	3	8	1	10	5	-2	7
595	3	6	10	10	3	7	7
598	1	1	1	1	0	0	0
599	1	1	3	3	0	2	2
600	1	1	4	3	0	3	2
601	2	3	10	10	1	8	8
603	1	2	1	2	1	0	1
604	1	2	2	1	1	1	0
605	1	1	1	1	0	0	0
606	1	1	1	1	0	0	0
607	5	2	2	2	-3	-3	-3
612	1	1	3	7	0	2	6
613	2	2	4	4	0	2	2
615	2	3	6	10	1	4	8
617	1	2	3	4	1	2	3
618	1	1	1	1	0	0	0
619	2	1	1	3	-1	-1	1
621	2	2	3	10	0	1	8
623	2	1	1	1	-1	-1	-1
625	2	1	2	1	-1	0	-1
627	3	1	1	8	-2	-2	5
630	2	1	1	5	-1	-1	3
632	1	2	4	1	1	3	0
633	2	1	1	3	-1	-1	1
635	1	2	2	10	1	1	9
636	5	2	2	2	-3	-3	-3
641	1	2	3	3	1	2	2
642	3	2	2	5	-1	-1	2
645	2	3	3	3	1	1	1
647	2	1	1	4	-1	-1	2
649	2	4	10	10	2	8	8
651	1	3	6	4	2	5	3
652	1	1	1	1	0	0	0
653	2	1	1	3	-1	-1	1
655	1	1	1	1	0	0	0
656	1	2	2	3	1	1	2
657	4	1	1	10	-3	-3	6
661	2	1	1	10	-1	-1	8
663	1	9	10	10	8	9	9
664	3	1	3	9	-2	0	6
667	2	1	3	7	-1	1	5
669	1	1	6	8	0	5	7
670	1	2	6	1	1	5	0
671	1	1	2	2	0	1	1
672	1	7	10	10	6	9	9
673	2	1	3	3	-1	1	1
675	1	0	0	1	-1	-1	0
676	1	1	1	1	0	0	0
677	3	1	2	6	-2	-1	3
680	2	10	8	10	8	6	8
682	1	1	3	3	0	2	2
683	1	1	1	2	0	0	1
684	1	1	1	1	0	0	0
685	4	1	2	1	-3	-2	-3
689	2	1	1	1	-1	-1	-1
691	5	1	1	3	-4	-4	-2
696	3	1	1	10	-2	-2	7
699	5	2	3	10	-3	-2	5
704	1	1	1	1	0	0	0
705	1	1	1	1	0	0	0
706	1	1	2	1	0	1	0
707	4	6	6	10	2	2	6
711	3	4	1	10	1	-2	7
714	2	3	3	10	1	1	8
716	1	1	2	1	0	1	0
717	2	1	1	10	-1	-1	8
719	1	1	9	1	0	8	0
720	2	1	1	1	-1	-1	-1
722	3	4	4	10	1	1	7
725	1	10	10	1	9	9	0
726	3	2	2	3	-1	-1	0
729	2	6	10	4	4	8	2
731	2	2	1	1	0	-1	-1
733	2	2	4	1	0	2	-1
735	1	1	4	10	0	3	9
736	6	4	3	6	-2	-3	0
742	1	1	1	3	0	0	2
743	1	1	2	1	0	1	0
744	1	1	1	1	0	0	0
745	2	3	4	10	1	2	8
747	1	1	1	1	0	0	0
748	2	2	2	2	0	0	0
750	2	5	5	10	3	3	8
752	4	3	3	10	-1	-1	6
756	1	3	3	1	2	2	0
757	2	1	2	1	-1	0	-1
759	2	2	7	4	0	5	2
761	2	1	1	1	-1	-1	-1
763	2	2	2	4	0	0	2
765	1	2	4	1	1	3	0
766	1	1	3	4	0	2	3
767	3	1	2	1	-2	-1	-2
770	2	1	1	2	-1	-1	0
772	2	3	3	9	1	1	7
774	1	4	10	5	3	9	4
775	2	6	6	10	4	4	8
777	1	3	10	10	2	9	9
778	2	10	9	4	8	7	2
780	2	2	3	6	0	1	4
782	4	3	10	10	-1	6	6
786	3	6	5	10	3	2	7
789	2	1	1	1	-1	-1	-1
791	1	1	1	1	0	0	0
792	4	1	1	1	-3	-3	-3
796	1	2	1	1	1	0	0
797	3	3	6	10	0	3	7
800	1	5	10	10	4	9	9
801	3	1	2	3	-2	-1	0
804	1	3	4	6	2	3	5
805	6	1	1	1	-5	-5	-5
811	1	2	2	2	1	1	1
812	1	1	1	2	0	0	1
813	1	1	3	1	0	2	0
814	3	1	6	10	-2	3	7
817	5	3	3	10	-2	-2	5
822	2	1	2	1	-1	0	-1
824	5	10	10	10	5	5	5
829	2	1	4	10	-1	2	8
831	4	3	4	10	-1	0	6
835	1	1	1	10	0	0	9
836	3	1	1	4	-2	-2	1
839	2	1	4	2	-1	2	0
841	1	1	1	1	0	0	0
842	3	1	3	10	-2	0	7
845	5	1	1	7	-4	-4	2
850	1	1	1	10	0	0	9
851	2	4	4	5	2	2	3
853	1	2	3	3	1	2	2
854	2	2	10	1	0	8	-1
856	2	1	2	1	-1	0	-1
858	2	3	3	1	1	1	-1
860	2	1	2	1	-1	0	-1
862	5	1	1	10	-4	-4	5
867	1	1	1	2	0	0	1
868	3	1	1	1	-2	-2	-2
871	3	1	2	10	-2	-1	7
874	2	3	3	10	1	1	8
876	3	10	7	3	7	4	0
879	1	3	6	4	2	5	3
880	1	1	1	1	0	0	0
881	1	1	1	1	0	0	0
882	3	3	1	3	0	-2	0
885	1	1	1	1	0	0	0
886	2	3	3	4	1	1	2
888	1	1	1	1	0	0	0
889	3	1	1	2	-2	-2	-1
892	2	1	4	1	-1	2	-1
894	2	1	1	1	-1	-1	-1
896	2	1	6	8	-1	4	6
898	1	1	2	1	0	1	0
899	2	1	1	1	-1	-1	-1
901	4	8	10	10	4	6	6
905	1	1	2	1	0	1	0
906	3	1	2	1	-2	-1	-2
909	1	1	1	1	0	0	0
910	2	2	3	7	0	1	5
912	3	10	10	10	7	7	7
915	1	4	4	10	3	3	9
916	3	2	2	1	-1	-1	-2
919	5	1	1	1	-4	-4	-4
924	4	1	5	10	-3	1	6
928	2	2	3	6	0	1	4
930	2	4	4	4	2	2	2
932	1	1	1	3	0	0	2
933	1	1	1	1	0	0	0
934	2	3	3	1	1	1	-1
936	1	1	3	3	0	2	2
937	2	6	6	10	4	4	8
939	1	1	3	4	0	2	3
940	7	1	10	10	-6	3	3
947	4	2	3	10	-2	-1	6
951	2	1	3	10	-1	1	8
953	4	1	1	10	-3	-3	6
957	1	1	1	1	0	0	0
958	4	6	5	10	2	1	6
962	1	6	10	4	5	9	3
963	1	1	1	10	0	0	9
964	2	2	1	10	0	-1	8
966	2	1	1	10	-1	-1	8
968	7	6	3	10	-1	-4	3
975	5	10	4	10	5	-1	5
980	1	6	10	10	5	9	9
981	1	1	1	1	0	0	0
982	1	1	3	3	0	2	2
983	1	1	1	4	0	0	3
984	1	1	1	1	0	0	0
985	7	1	3	10	-6	-4	3
992	2	1	3	1	-1	1	-1
994	3	1	1	10	-2	-2	7
997	3	4	5	10	1	2	7
1000	3	2	4	7	-1	1	4
1003	1	1	1	1	0	0	0
1004	1	1	1	8	0	0	7
1005	1	9	1	4	8	0	3
1006	2	6	10	10	4	8	8
1008	4	2	2	3	-2	-2	-1
1012	2	1	1	10	-1	-1	8
1014	4	1	1	10	-3	-3	6
1018	4	2	1	10	-2	-3	6
1022	4	4	1	10	0	-3	6
1026	4	1	1	9	-3	-3	5
1030	1	2	3	9	1	2	8
1031	4	1	6	10	-3	2	6
1035	2	1	2	10	-1	0	8
1037	2	1	1	1	-1	-1	-1
1039	2	2	4	1	0	2	-1
1041	3	7	10	6	4	7	3
1044	5	1	2	10	-4	-3	5
1049	1	5	5	6	4	4	5
1050	1	1	1	1	0	0	0
1051	3	1	4	10	-2	1	7
1054	3	2	2	1	-1	-1	-2
1057	1	3	3	1	2	2	0
1058	1	1	1	10	0	0	9
1059	2	1	1	6	-1	-1	4
1061	2	10	10	6	8	8	4
1063	4	2	2	10	-2	-2	6
1067	3	2	10	10	-1	7	7
1070	1	3	3	1	2	2	0
1071	5	2	6	3	-3	1	-2
1076	2	1	1	10	-1	-1	8
1078	1	2	10	10	1	9	9
1079	1	1	1	1	0	0	0
1080	4	1	1	7	-3	-3	3
1084	1	1	1	1	0	0	0
1085	4	1	1	9	-3	-3	5
1089	3	2	2	10	-1	-1	7
1092	2	10	10	10	8	8	8
1094	1	3	6	6	2	5	5
1095	4	10	10	10	6	6	6
1099	1	2	3	10	1	2	9
1100	4	10	3	10	6	-1	6
1104	4	1	1	10	-3	-3	6
1108	5	1	1	10	-4	-4	5
1113	3	1	1	1	-2	-2	-2
1116	4	1	7	6	-3	3	2
1120	1	1	2	10	0	1	9
1121	2	1	2	1	-1	0	-1
1123	2	6	10	1	4	8	-1
1125	2	1	3	10	-1	1	8
1127	2	1	3	6	-1	1	4
1129	2	1	1	1	-1	-1	-1
1131	4	1	2	6	-3	-2	2
1135	6	4	4	2	-2	-2	-4
1141	2	1	1	10	-1	-1	8
1143	1	1	1	1	0	0	0
1144	1	1	2	2	0	1	1
1145	1	1	1	1	0	0	0
1146	2	1	1	10	-1	-1	8
1148	1	4	6	4	3	5	3
1149	3	10	10	10	7	7	7
1152	1	2	7	8	1	6	7
1153	3	1	1	1	-2	-2	-2
1156	1	1	1	1	0	0	0
1157	3	2	2	10	-1	-1	7
1160	2	1	1	1	-1	-1	-1
1162	1	6	6	2	5	5	1
1163	3	1	3	10	-2	0	7
1166	1	7	3	6	6	2	5
1167	2	1	1	1	-1	-1	-1
1169	4	2	2	10	-2	-2	6
1173	1	1	1	1	0	0	0
1174	1	1	2	1	0	1	0
1175	3	1	1	2	-2	-2	-1
1178	1	1	2	10	0	1	9
1179	1	2	3	10	1	2	9
1180	2	3	4	2	1	2	0
1182	1	4	6	3	3	5	2
1183	1	1	1	1	0	0	0
1184	3	1	4	3	-2	1	0
1187	2	1	1	10	-1	-1	8
1189	1	1	1	1	0	0	0
1190	1	1	2	1	0	1	0
1191	3	6	10	10	3	7	7
1194	2	9	3	10	7	1	8
1196	3	1	1	10	-2	-2	7
1199	3	1	1	1	-2	-2	-2
1202	2	1	1	10	-1	-1	8
1204	1	3	4	10	2	3	9
1205	1	2	2	1	1	1	0
1206	1	4	10	10	3	9	9
1207	1	1	2	1	0	1	0
1208	2	1	1	3	-1	-1	1
1210	3	1	10	10	-2	7	7
1213	1	1	3	4	0	2	3
1214	2	10	10	10	8	8	8
1216	2	3	6	2	1	4	0
1218	4	2	8	10	-2	4	6
1222	1	1	2	1	0	1	0
1223	2	1	1	3	-1	-1	1
1225	1	3	6	4	2	5	3
1226	6	1	1	1	-5	-5	-5
1232	2	2	2	10	0	0	8
1234	2	1	1	10	-1	-1	8
1236	1	2	1	1	1	0	0
1237	3	1	1	7	-2	-2	4
1240	1	1	2	1	0	1	0
1241	4	2	2	10	-2	-2	6
1245	3	1	8	9	-2	5	6
1248	2	1	1	2	-1	-1	0
1250	3	10	10	9	7	7	6
1253	2	3	6	10	1	4	8
1255	2	2	3	10	0	1	8
1257	3	1	9	10	-2	6	7
1260	3	1	1	10	-2	-2	7
1263	3	1	3	3	-2	0	0
1266	2	6	10	10	4	8	8
1268	1	10	10	10	9	9	9
1269	3	3	3	3	0	0	0
1272	4	10	10	10	6	6	6
1276	3	1	2	6	-2	-1	3
1279	2	2	3	3	0	1	1
1281	3	1	2	10	-2	-1	7
1284	3	3	3	10	0	0	7
1287	2	4	10	10	2	8	8
1289	5	3	3	3	-2	-2	-2
1294	2	1	1	2	-1	-1	0
1296	2	3	2	10	1	0	8
1298	2	3	4	1	1	2	-1
1300	5	1	3	10	-4	-2	5
1305	2	1	3	9	-1	1	7
1307	1	1	3	3	0	2	2
1308	2	2	4	10	0	2	8
1310	3	1	3	3	-2	0	0
1313	2	1	1	10	-1	-1	8
1315	2	2	10	10	0	8	8
1317	3	2	3	10	-1	0	7
1320	2	7	7	10	5	5	8
1322	4	10	9	10	6	5	6
1326	2	1	1	10	-1	-1	8
1328	2	2	2	3	0	0	1
1330	2	4	4	10	2	2	8
1332	1	6	3	1	5	2	0
1333	3	1	4	1	-2	1	-2
1336	1	3	2	10	2	1	9
1337	5	4	6	10	-1	1	5
1342	2	1	1	1	-1	-1	-1
1344	3	2	1	10	-1	-2	7
1347	5	4	10	10	-1	5	5
1352	1	2	2	10	1	1	9
1353	3	7	7	10	4	4	7
1356	1	2	2	10	1	1	9
1357	2	10	10	10	8	8	8
1359	2	10	10	10	8	8	8
1361	2	2	6	9	0	4	7
1363	1	1	2	1	0	1	0
1364	1	1	1	10	0	0	9
1365	1	1	1	10	0	0	9
1366	4	4	2	3	0	-2	-1
1370	2	1	3	3	-1	1	1
1372	3	2	4	10	-1	1	7
1375	2	1	1	3	-1	-1	1
1377	2	1	1	10	-1	-1	8
1379	2	2	1	1	0	-1	-1
1381	3	2	5	10	-1	2	7
1384	4	2	2	10	-2	-2	6
1388	5	3	3	10	-2	-2	5
1393	2	2	7	10	0	5	8
1395	3	1	2	1	-2	-1	-2
1398	1	1	1	1	0	0	0
1399	2	1	1	5	-1	-1	3
1401	1	8	7	1	7	6	0
1402	3	1	1	7	-2	-2	4
1405	1	1	2	1	0	1	0
1406	3	1	1	3	-2	-2	0
1409	2	10	10	10	8	8	8
1411	4	7	9	10	3	5	6
1415	5	1	1	4	-4	-4	-1
1420	2	2	6	10	0	4	8
1422	2	1	10	10	-1	8	8
1424	4	1	4	10	-3	0	6
1428	3	5	10	10	2	7	7
1431	1	1	1	6	0	0	5
1432	3	1	3	10	-2	0	7
1435	1	1	1	4	0	0	3
1436	3	1	1	4	-2	-2	1
1439	7	10	7	10	3	0	3
1446	1	1	6	1	0	5	0
1447	4	1	6	10	-3	2	6
1451	2	1	1	10	-1	-1	8
1453	4	5	3	10	1	-1	6
1457	3	10	10	6	7	7	3
1460	2	10	1	10	8	-1	8
1462	2	4	2	3	2	0	1
1464	1	1	1	10	0	0	9
1465	2	1	1	1	-1	-1	-1
1467	5	1	1	10	-4	-4	5
1472	4	2	4	10	-2	0	6
1476	2	1	2	2	-1	0	0
1478	2	1	2	1	-1	0	-1
1480	3	2	3	1	-1	0	-2
1483	3	2	4	6	-1	1	3
1486	3	1	3	2	-2	0	-1
1489	5	1	2	2	-4	-3	-3
1494	2	1	1	2	-1	-1	0
1496	5	10	3	10	5	-2	5
1501	7	2	3	10	-5	-4	3
1508	2	10	10	10	8	8	8
1510	3	10	10	10	7	7	7
1513	1	1	1	3	0	0	2
1514	3	2	2	10	-1	-1	7
1517	5	1	1	2	-4	-4	-3
1522	1	2	2	1	1	1	0
1523	3	1	2	1	-2	-1	-2
1526	1	1	4	5	0	3	4
1527	2	2	2	7	0	0	5
1529	4	2	2	10	-2	-2	6
1533	1	2	4	4	1	3	3
1534	3	10	10	10	7	7	7
1537	2	1	2	4	-1	0	2
1539	2	1	2	10	-1	0	8
1541	1	1	1	1	0	0	0
1542	3	10	5	10	7	2	7
1545	2	3	1	10	1	-1	8
1547	2	2	2	10	0	0	8
1549	1	1	1	1	0	0	0
1550	3	10	10	10	7	7	7
1553	3	2	2	1	-1	-1	-2
1556	2	1	2	1	-1	0	-1
1558	8	3	6	1	-5	-2	-7
1566	2	1	1	1	-1	-1	-1
1568	4	7	8	10	3	4	6
1572	2	2	8	6	0	6	4
1574	1	1	1	2	0	0	1
1575	3	1	1	6	-2	-2	3
1578	5	1	1	10	-4	-4	5
1583	7	3	4	3	-4	-3	-4
1590	1	1	2	10	0	1	9
1591	3	3	5	10	0	2	7
1594	5	3	3	10	-2	-2	5
1599	3	6	6	10	3	3	7
1602	2	1	1	1	-1	-1	-1
1604	3	1	1	10	-2	-2	7
1607	1	2	1	7	1	0	6
1608	2	2	6	3	0	4	1
1610	3	2	3	4	-1	0	1
1613	3	2	4	10	-1	1	7
1616	2	4	3	10	2	1	8
1618	1	9	10	3	8	9	2
1619	1	1	2	7	0	1	6
1620	7	10	10	10	3	3	3
1627	2	4	9	10	2	7	8
1629	8	4	7	10	-4	-1	2
1637	1	1	4	8	0	3	7
1638	2	4	2	10	2	0	8
1640	2	2	3	1	0	1	-1
1642	4	1	2	3	-3	-2	-1
1646	3	1	1	10	-2	-2	7
1649	5	1	1	10	-4	-4	5
1654	4	6	6	5	2	2	1
1658	4	6	6	10	2	2	6
1662	2	2	5	5	0	3	3
1664	4	1	3	2	-3	-1	-2
1668	3	4	6	2	1	3	-1
1671	1	1	1	1	0	0	0
1672	4	1	1	2	-3	-3	-2
1676	5	1	2	6	-4	-3	1
1681	2	10	10	10	8	8	8
1683	2	6	10	10	4	8	8
1685	2	1	1	10	-1	-1	8
1687	1	1	1	1	0	0	0
1688	3	6	6	10	3	3	7
1691	3	4	3	1	1	0	-2
1694	4	8	4	10	4	0	6
1698	4	2	1	10	-2	-3	6
1702	3	2	10	10	-1	7	7
1705	3	1	1	1	-2	-2	-2
1708	3	10	7	10	7	4	7
1711	1	1	1	10	0	0	9
1712	2	1	2	6	-1	0	4
1714	4	1	1	7	-3	-3	3
1718	6	10	1	10	4	-5	4
1724	3	2	4	10	-1	1	7
1727	2	1	3	10	-1	1	8
1729	1	1	1	2	0	0	1
1730	1	3	3	2	2	2	1
1731	6	1	1	10	-5	-5	4
1737	3	2	2	1	-1	-1	-2
1740	10	3	4	10	-7	-6	0
1750	5	6	10	10	1	5	5
1755	1	1	1	6	0	0	5
1756	8	1	1	10	-7	-7	2
1764	5	1	10	10	-4	5	5
1769	1	10	10	10	9	9	9
1770	1	1	9	8	0	8	7
1771	4	4	10	9	0	6	5
1775	3	8	8	10	5	5	7
1778	2	10	10	10	8	8	8
1780	3	1	10	10	-2	7	7
1783	3	1	1	1	-2	-2	-2
1786	1	2	2	4	1	1	3
1787	3	1	1	3	-2	-2	0
1790	4	7	10	10	3	6	6
1794	1	4	10	10	3	9	9
1795	1	1	10	10	0	9	9
1796	3	5	5	10	2	2	7
1799	2	2	3	10	0	1	8
1801	2	1	3	6	-1	1	4
1803	3	4	6	10	1	3	7
1806	2	4	10	10	2	8	8
1808	3	1	2	10	-2	-1	7
1811	3	1	1	6	-2	-2	3
1814	2	1	2	10	-1	0	8
1816	4	1	6	10	-3	2	6
1820	2	9	7	10	7	5	8
1822	7	6	6	10	-1	-1	3
1829	1	6	6	10	5	5	9
1830	1	6	10	4	5	9	3
1831	1	1	1	1	0	0	0
1832	1	9	10	5	8	9	4
1833	5	1	1	10	-4	-4	5
1838	1	1	1	1	0	0	0
1839	4	1	1	10	-3	-3	6
1843	1	1	1	2	0	0	1
1844	1	0	0	1	-1	-1	0
1845	5	1	10	10	-4	5	5
1850	2	10	10	9	8	8	7
1852	6	1	3	10	-5	-3	4
1858	1	3	4	9	2	3	8
1859	1	3	3	1	2	2	0
1860	3	3	4	10	0	1	7
1863	2	10	10	10	8	8	8
1865	1	1	1	10	0	0	9
1866	1	4	4	4	3	3	3
1867	2	4	10	10	2	8	8
1869	2	2	7	10	0	5	8
1871	4	2	3	10	-2	-1	6
1875	2	1	1	10	-1	-1	8
1877	3	1	2	4	-2	-1	1
1880	1	2	10	9	1	9	8
1881	4	10	10	10	6	6	6
1885	1	1	1	1	0	0	0
1886	2	1	1	3	-1	-1	1
1888	2	1	4	2	-1	2	0
1890	3	4	10	3	1	7	0
1893	5	2	3	10	-3	-2	5
1898	3	3	10	10	0	7	7
1901	3	10	10	10	7	7	7
1904	2	2	2	10	0	0	8
1906	3	1	1	10	-2	-2	7
1909	3	1	3	10	-2	0	7
1912	1	4	10	10	3	9	9
1913	1	1	2	1	0	1	0
1914	1	2	1	10	1	0	9
1915	1	1	1	1	0	0	0
1916	2	1	1	2	-1	-1	0
1918	1	7	10	9	6	9	8
1919	1	1	2	1	0	1	0
1920	1	1	2	3	0	1	2
1921	1	1	2	1	0	1	0
1922	1	1	1	1	0	0	0
1923	1	2	4	1	1	3	0
1924	2	1	2	2	-1	0	0
1926	1	1	1	1	0	0	0
1927	1	1	2	1	0	1	0
1928	2	2	2	1	0	0	-1
1930	1	1	1	1	0	0	0
1931	3	2	2	1	-1	-1	-2
1934	1	2	4	9	1	3	8
1935	4	1	1	10	-3	-3	6
1939	2	2	10	6	0	8	4
1941	2	6	10	10	4	8	8
1943	2	1	1	10	-1	-1	8
1945	5	2	2	10	-3	-3	5
1950	1	1	1	9	0	0	8
1951	3	3	4	6	0	1	3
1954	1	1	1	1	0	0	0
1955	1	1	1	2	0	0	1
1956	3	1	1	1	-2	-2	-2
1959	1	6	10	10	5	9	9
1960	1	6	10	9	5	9	8
1961	2	6	6	8	4	4	6
1963	2	6	1	10	4	-1	8
1965	3	3	7	10	0	4	7
1968	3	3	3	7	0	0	4
1971	1	2	10	10	1	9	9
1972	4	6	6	10	2	2	6
1976	1	2	8	3	1	7	2
1977	2	3	10	2	1	8	0
1979	3	6	4	10	3	1	7
1982	2	3	3	6	1	1	4
1984	3	1	1	4	-2	-2	1
1987	8	2	7	10	-6	-1	2
1995	1	6	6	4	5	5	3
1996	3	1	4	10	-2	1	7
1999	4	2	2	1	-2	-2	-3
2003	1	0	0	10	-1	-1	9
2004	5	2	8	10	-3	3	5
2009	1	10	10	4	9	9	3
2010	4	1	6	3	-3	2	-1
2014	1	1	1	1	0	0	0
2015	1	3	3	7	2	2	6
2016	9	1	4	10	-8	-5	1
2025	2	1	2	2	-1	0	0
2027	1	2	2	3	1	1	2
2028	2	3	3	10	1	1	8
2030	3	1	4	1	-2	1	-2
2033	4	1	1	10	-3	-3	6
2037	1	1	3	9	0	2	8
2038	1	7	10	10	6	9	9
2039	1	3	4	6	2	3	5
2040	3	1	1	1	-2	-2	-2
2043	1	2	3	2	1	2	1
2044	3	2	7	7	-1	4	4
2047	1	4	5	10	3	4	9
2048	1	1	1	10	0	0	9
2049	1	10	10	10	9	9	9
2050	1	1	1	10	0	0	9
2051	2	3	3	3	1	1	1
2053	3	3	4	6	0	1	3
2056	4	6	6	10	2	2	6
2060	2	2	10	10	0	8	8
2062	2	2	8	10	0	6	8
2064	1	6	10	10	5	9	9
2065	3	3	10	10	0	7	7
2068	2	1	1	10	-1	-1	8
2070	1	1	2	1	0	1	0
2071	1	1	1	4	0	0	3
2072	1	4	8	10	3	7	9
2073	1	2	2	10	1	1	9
2074	1	1	10	7	0	9	6
2075	6	10	2	1	4	-4	-5
2081	4	4	1	2	0	-3	-2
2085	1	3	10	10	2	9	9
2086	5	2	7	10	-3	2	5
2091	1	3	1	1	2	0	0
2092	1	2	2	10	1	1	9
2093	2	1	2	10	-1	0	8
2095	4	4	10	10	0	6	6
2099	1	1	1	4	0	0	3
2100	2	1	1	3	-1	-1	1
2102	2	2	3	10	0	1	8
2104	1	1	3	3	0	2	2
2105	1	7	7	10	6	6	9
2106	4	4	4	8	0	0	4
2110	2	2	2	1	0	0	-1
2112	2	3	3	10	1	1	8
2114	2	1	1	1	-1	-1	-1
2116	1	10	10	10	9	9	9
2117	2	2	10	4	0	8	2
2119	2	1	3	1	-1	1	-1
2121	1	1	1	1	0	0	0
2122	2	3	10	10	1	8	8
2124	2	1	1	1	-1	-1	-1
2126	1	1	1	1	0	0	0
2127	1	4	10	10	3	9	9
2128	2	3	3	5	1	1	3
2130	1	2	2	7	1	1	6
2131	2	1	1	1	-1	-1	-1
2133	1	3	3	9	2	2	8
2134	1	0	0	0	-1	-1	-1
2135	2	6	9	10	4	7	8
2137	1	1	3	3	0	2	2
2138	1	1	1	1	0	0	0
2139	3	1	1	1	-2	-2	-2
2142	3	1	1	10	-2	-2	7
2145	2	6	10	10	4	8	8
2147	2	1	1	1	-1	-1	-1
2149	1	1	1	1	0	0	0
2150	1	1	2	10	0	1	9
2151	1	2	2	10	1	1	9
2152	2	1	1	1	-1	-1	-1
2154	1	1	1	6	0	0	5
2155	3	6	10	2	3	7	-1
2158	2	3	5	6	1	3	4
2160	3	6	6	10	3	3	7
2163	2	5	5	10	3	3	8
2165	1	10	10	10	9	9	9
2166	2	3	3	1	1	1	-1
2168	1	1	1	1	0	0	0
2169	1	1	1	10	0	0	9
2170	2	1	1	2	-1	-1	0
2172	3	1	1	6	-2	-2	3
2175	2	1	2	3	-1	0	1
2177	3	2	2	1	-1	-1	-2
2180	1	1	3	10	0	2	9
2181	2	10	10	10	8	8	8
2183	1	2	4	4	1	3	3
2184	3	1	1	10	-2	-2	7
2187	2	1	2	4	-1	0	2
2189	1	1	1	1	0	0	0
2190	4	3	6	10	-1	2	6
2194	3	3	10	10	0	7	7
2197	1	3	6	10	2	5	9
2198	2	10	10	10	8	8	8
2200	3	1	1	10	-2	-2	7
2203	1	1	1	1	0	0	0
2204	1	2	2	10	1	1	9
2205	2	2	2	9	0	0	7
2207	3	3	3	9	0	0	6
2210	1	1	3	1	0	2	0
2211	1	1	2	1	0	1	0
2212	5	8	6	10	3	1	5
2217	2	1	1	10	-1	-1	8
2219	1	10	10	10	9	9	9
2220	1	1	1	1	0	0	0
2221	5	1	1	1	-4	-4	-4
2226	3	6	6	10	3	3	7
2229	2	1	1	1	-1	-1	-1
2231	2	1	2	3	-1	0	1
2233	1	1	1	3	0	0	2
2234	2	1	2	1	-1	0	-1
2236	3	3	5	7	0	2	4
2239	1	6	10	10	5	9	9
2240	1	3	3	2	2	2	1
2241	2	2	3	3	0	1	1
2243	3	9	6	9	6	3	6
2246	2	3	3	10	1	1	8
2248	4	1	2	7	-3	-2	3
2252	2	3	3	10	1	1	8
2254	3	3	3	10	0	0	7
2257	1	2	4	6	1	3	5
2258	2	2	3	3	0	1	1
2260	1	3	3	2	2	2	1
2261	3	6	8	10	3	5	7
2264	2	1	1	1	-1	-1	-1
2266	2	1	2	10	-1	0	8
2268	1	0	0	2	-1	-1	1
2269	2	7	10	10	5	8	8
2271	4	2	2	1	-2	-2	-3
2275	2	6	10	9	4	8	7
2277	2	9	9	10	7	7	8
2279	3	1	6	10	-2	3	7
2282	1	1	1	1	0	0	0
2283	3	1	1	1	-2	-2	-2
2286	1	1	1	2	0	0	1
2287	4	2	2	6	-2	-2	2
2291	4	1	10	10	-3	6	6
2295	3	1	1	2	-2	-2	-1
2298	3	2	10	10	-1	7	7
2301	1	1	1	3	0	0	2
2302	5	10	9	10	5	4	5
2307	3	2	2	3	-1	-1	0
2310	2	2	1	10	0	-1	8
2312	1	2	2	1	1	1	0
2313	2	2	3	3	0	1	1
2315	1	10	2	10	9	1	9
2316	2	2	1	3	0	-1	1
2318	1	1	6	1	0	5	0
2319	3	10	10	10	7	7	7
2322	2	1	10	10	-1	8	8
2324	1	6	10	10	5	9	9
2325	4	1	4	10	-3	0	6
2329	1	3	7	10	2	6	9
2330	3	2	1	1	-1	-2	-2
2333	2	1	1	10	-1	-1	8
2335	2	1	1	3	-1	-1	1
2337	2	1	4	10	-1	2	8
2339	1	1	1	6	0	0	5
2340	2	1	2	10	-1	0	8
2342	1	0	0	3	-1	-1	2
2343	2	10	6	10	8	4	8
2345	2	3	4	10	1	2	8
2347	2	2	3	1	0	1	-1
2349	2	2	3	10	0	1	8
2351	6	10	10	10	4	4	4
2357	3	2	4	3	-1	1	0
2360	2	1	1	4	-1	-1	2
2362	4	1	1	10	-3	-3	6
2366	1	1	1	1	0	0	0
2367	1	2	3	3	1	2	2
2368	2	2	2	1	0	0	-1
2370	1	1	1	1	0	0	0
2371	3	1	1	9	-2	-2	6
2374	3	1	3	8	-2	0	5
2377	1	2	3	3	1	2	2
2378	2	1	1	1	-1	-1	-1
2380	2	4	1	1	2	-1	-1
2382	1	1	1	1	0	0	0
2383	2	1	10	10	-1	8	8
2385	2	1	1	4	-1	-1	2
2387	1	1	3	8	0	2	7
2388	4	1	1	10	-3	-3	6
2392	2	1	4	10	-1	2	8
2394	3	1	1	10	-2	-2	7
2397	2	1	1	2	-1	-1	0
2399	1	2	2	10	1	1	9
2400	1	1	3	3	0	2	2
2401	3	2	4	10	-1	1	7
2404	1	1	2	5	0	1	4
2405	1	1	1	9	0	0	8
2406	6	1	10	10	-5	4	4
2412	1	1	1	3	0	0	2
2413	3	5	6	10	2	3	7
2416	2	10	10	10	8	8	8
2418	1	1	1	3	0	0	2
2419	1	2	4	2	1	3	1
2420	2	5	8	10	3	6	8
2422	3	5	5	10	2	2	7
2425	6	2	10	10	-4	4	4
2431	1	1	3	3	0	2	2
2432	2	4	2	10	2	0	8
2434	1	2	3	1	1	2	0
2435	4	2	1	10	-2	-3	6
2439	4	7	2	9	3	-2	5
2443	4	1	1	6	-3	-3	2
2447	1	1	2	8	0	1	7
2448	1	1	1	1	0	0	0
2449	2	2	4	6	0	2	4
2451	2	2	6	6	0	4	4
2453	3	1	1	1	-2	-2	-2
2456	3	1	2	10	-2	-1	7
2459	3	2	3	9	-1	0	6
2462	4	2	3	2	-2	-1	-2
2466	1	1	1	10	0	0	9
2467	1	3	3	4	2	2	3
2468	1	4	4	10	3	3	9
2469	4	10	10	10	6	6	6
2473	4	4	10	10	0	6	6
2477	1	1	1	2	0	0	1
2478	5	1	10	10	-4	5	5
2483	6	5	10	10	-1	4	4
2489	4	1	1	10	-3	-3	6
2493	2	2	10	10	0	8	8
2495	6	2	6	4	-4	0	-2
2501	6	6	4	10	0	-2	4
2507	4	9	10	10	5	6	6
2511	1	1	1	3	0	0	2
2512	2	1	2	4	-1	0	2
2514	2	3	3	10	1	1	8
2516	2	6	2	7	4	0	5
2518	3	1	1	4	-2	-2	1
2521	3	3	4	10	0	1	7
2524	1	2	2	9	1	1	8
2525	4	6	6	10	2	2	6
2529	2	5	2	10	3	0	8
2531	2	1	10	10	-1	8	8
2533	3	3	3	9	0	0	6
2536	4	1	1	10	-3	-3	6
2540	4	1	4	10	-3	0	6
2544	1	1	6	1	0	5	0
2545	8	1	4	4	-7	-4	-4
2553	1	1	1	6	0	0	5
2554	5	7	1	10	2	-4	5
2559	6	1	1	10	-5	-5	4
2565	4	4	4	10	0	0	6
2569	1	10	10	10	9	9	9
2570	1	1	1	2	0	0	1
2571	1	1	4	10	0	3	9
2572	2	10	10	10	8	8	8
2574	1	1	3	3	0	2	2
2575	2	10	10	10	8	8	8
2577	3	2	4	10	-1	1	7
2580	1	1	1	3	0	0	2
2581	3	2	4	4	-1	1	1
2584	1	4	4	1	3	3	0
2585	1	1	1	1	0	0	0
2586	1	3	1	10	2	0	9
2587	1	1	2	3	0	1	2
2588	2	1	1	1	-1	-1	-1
2590	2	10	10	10	8	8	8
2592	1	1	3	4	0	2	3
2593	1	1	2	1	0	1	0
2594	2	1	1	10	-1	-1	8
2596	1	1	1	1	0	0	0
2597	4	1	4	6	-3	0	2
2601	4	1	4	6	-3	0	2
2605	1	3	3	3	2	2	2
2606	4	1	1	1	-3	-3	-3
2610	2	4	10	10	2	8	8
2612	1	4	10	10	3	9	9
2613	1	1	3	4	0	2	3
2614	3	3	6	10	0	3	7
2617	1	1	1	1	0	0	0
2618	1	2	3	3	1	2	2
2619	1	3	10	10	2	9	9
2620	2	2	2	3	0	0	1
2622	1	10	2	10	9	1	9
2623	3	1	3	7	-2	0	4
2626	4	1	1	10	-3	-3	6
2630	2	2	4	7	0	2	5
2632	5	2	10	10	-3	5	5
2637	1	1	1	10	0	0	9
2638	2	9	9	10	7	7	8
2640	1	4	4	6	3	3	5
2641	1	1	2	1	0	1	0
2642	2	4	1	10	2	-1	8
2644	1	3	3	1	2	2	0
2645	5	1	10	10	-4	5	5
2650	1	4	5	4	3	4	3
2651	2	10	7	10	8	5	8
2653	4	1	2	10	-3	-2	6
2657	1	1	1	1	0	0	0
2658	2	1	1	8	-1	-1	6
2660	3	2	7	10	-1	4	7
2663	1	1	3	10	0	2	9
2664	2	2	2	10	0	0	8
2666	2	2	1	7	0	-1	5
2668	2	2	4	10	0	2	8
2670	1	1	3	4	0	2	3
2671	4	1	1	10	-3	-3	6
2675	2	2	6	10	0	4	8
2677	1	10	10	10	9	9	9
2678	1	4	10	4	3	9	3
2679	2	1	3	1	-1	1	-1
2681	3	1	3	10	-2	0	7
2684	1	4	6	10	3	5	9
2685	1	1	1	10	0	0	9
2686	1	1	7	9	0	6	8
2687	3	2	3	6	-1	0	3
2690	3	3	10	10	0	7	7
2693	4	2	3	10	-2	-1	6
2697	3	4	2	10	1	-1	7
2700	2	1	1	7	-1	-1	5
2702	1	1	1	5	0	0	4
2703	1	3	2	8	2	1	7
2704	3	10	10	10	7	7	7
2707	4	3	2	10	-1	-2	6
2711	2	4	10	10	2	8	8
2713	1	1	1	10	0	0	9
2714	1	1	4	10	0	3	9
2715	2	4	2	10	2	0	8
2717	4	10	10	10	6	6	6
2721	1	1	3	3	0	2	2
2722	1	1	1	10	0	0	9
2723	5	2	2	10	-3	-3	5
2728	2	1	1	1	-1	-1	-1
2730	3	1	3	10	-2	0	7
2733	1	1	6	4	0	5	3
2734	1	1	10	1	0	9	0
2735	1	1	1	1	0	0	0
2736	1	1	1	1	0	0	0
2737	2	1	2	1	-1	0	-1
2739	1	1	4	10	0	3	9
2740	2	2	2	10	0	0	8
2742	1	10	10	10	9	9	9
2743	1	4	5	10	3	4	9
2744	4	2	2	10	-2	-2	6
2748	1	3	5	10	2	4	9
2749	1	8	10	10	7	9	9
2750	1	1	1	3	0	0	2
2751	1	1	1	4	0	0	3
2752	4	1	1	10	-3	-3	6
2756	1	7	7	3	6	6	2
2757	1	1	1	10	0	0	9
2758	3	7	8	3	4	5	0
2761	3	1	4	1	-2	1	-2
2764	2	1	2	9	-1	0	7
2766	1	1	2	1	0	1	0
2767	1	1	1	1	0	0	0
2768	5	2	1	1	-3	-4	-4
2773	2	6	6	1	4	4	-1
2775	2	1	2	10	-1	0	8
2777	2	2	6	10	0	4	8
2779	2	1	3	6	-1	1	4
2781	1	1	1	1	0	0	0
2782	1	3	6	10	2	5	9
2783	7	1	3	3	-6	-4	-4
2790	2	1	5	1	-1	3	-1
2792	6	10	1	10	4	-5	4
2798	1	1	1	3	0	0	2
2799	2	1	6	1	-1	4	-1
2801	2	4	2	10	2	0	8
2803	1	2	3	5	1	2	4
2804	1	0	0	10	-1	-1	9
2805	2	1	1	10	-1	-1	8
2807	1	1	1	5	0	0	4
2808	2	10	10	10	8	8	8
2810	4	1	4	8	-3	0	4
2814	4	10	10	10	6	6	6
2818	1	1	1	2	0	0	1
2819	3	2	3	10	-1	0	7
2822	1	1	1	1	0	0	0
2823	6	1	2	10	-5	-4	4
2829	2	1	4	10	-1	2	8
2831	1	2	1	10	1	0	9
2832	4	2	7	1	-2	3	-3
2836	1	1	1	10	0	0	9
2837	1	1	1	3	0	0	2
2838	1	3	4	6	2	3	5
2839	3	1	1	2	-2	-2	-1
2842	1	4	4	1	3	3	0
2843	1	1	1	1	0	0	0
2844	3	10	10	10	7	7	7
2847	1	1	1	3	0	0	2
2848	1	4	2	10	3	1	9
2849	1	10	10	10	9	9	9
2850	2	3	3	10	1	1	8
2852	1	1	1	2	0	0	1
2853	2	1	1	10	-1	-1	8
2855	1	1	1	1	0	0	0
2856	3	3	3	10	0	0	7
2859	2	5	8	8	3	6	6
2861	1	0	0	1	-1	-1	0
2862	1	1	3	10	0	2	9
2863	2	2	2	10	0	0	8
2865	1	1	1	1	0	0	0
2866	1	1	1	1	0	0	0
2867	4	1	1	10	-3	-3	6
2871	4	5	10	10	1	6	6
2875	3	3	3	10	0	0	7
2878	1	1	2	1	0	1	0
2879	2	1	1	5	-1	-1	3
2881	4	8	10	10	4	6	6
2885	3	4	6	10	1	3	7
2888	4	2	10	10	-2	6	6
2892	3	10	10	10	7	7	7
2895	4	2	2	1	-2	-2	-3
2899	4	3	3	9	-1	-1	5
2903	2	6	6	10	4	4	8
2905	1	2	10	10	1	9	9
2906	4	1	1	10	-3	-3	6
2910	1	1	1	1	0	0	0
2911	2	1	1	9	-1	-1	7
2913	2	3	3	9	1	1	7
2915	2	1	1	10	-1	-1	8
2917	1	1	1	10	0	0	9
2918	1	1	5	4	0	4	3
2919	1	4	10	9	3	9	8
2920	1	3	6	10	2	5	9
2921	1	1	3	3	0	2	2
2922	3	2	3	10	-1	0	7
2925	3	3	3	9	0	0	6
2928	2	1	3	3	-1	1	1
2930	2	2	2	6	0	0	4
2932	1	1	10	10	0	9	9
2933	5	6	10	10	1	5	5
2938	4	2	2	3	-2	-2	-1
2942	2	1	1	1	-1	-1	-1
2944	1	6	10	10	5	9	9
2945	3	6	6	10	3	3	7
2948	1	10	10	10	9	9	9
2949	1	1	1	10	0	0	9
2950	2	1	1	10	-1	-1	8
2952	2	9	10	10	7	8	8
2954	2	1	1	2	-1	-1	0
2956	3	1	1	10	-2	-2	7
2959	4	1	1	10	-3	-3	6
2963	5	3	2	10	-2	-3	5
2968	1	1	1	10	0	0	9
2969	3	1	1	3	-2	-2	0
2972	1	10	10	10	9	9	9
2973	3	9	5	10	6	2	7
2976	1	2	6	4	1	5	3
2977	1	1	1	1	0	0	0
2978	2	1	1	10	-1	-1	8
2980	1	1	10	2	0	9	1
2981	6	10	10	10	4	4	4
2987	1	1	1	1	0	0	0
2988	2	1	1	10	-1	-1	8
2990	5	8	8	10	3	3	5
2995	4	3	10	10	-1	6	6
2999	2	1	1	1	-1	-1	-1
3001	1	1	1	1	0	0	0
3002	1	1	3	3	0	2	2
3003	1	1	3	1	0	2	0
3004	4	1	1	10	-3	-3	6
3008	2	1	1	1	-1	-1	-1
3010	1	2	4	10	1	3	9
3011	2	2	5	4	0	3	2
3013	2	1	2	1	-1	0	-1
3015	1	1	2	10	0	1	9
3016	5	1	1	10	-4	-4	5
3021	1	4	7	4	3	6	3
3022	3	4	5	10	1	2	7
3025	3	3	3	10	0	0	7
3028	3	4	4	10	1	1	7
3031	1	2	2	10	1	1	9
3032	4	3	10	10	-1	6	6
3036	4	3	3	1	-1	-1	-3
3040	1	3	10	1	2	9	0
3041	2	4	4	10	2	2	8
3043	3	4	4	4	1	1	1
3046	2	2	4	9	0	2	7
3048	1	1	5	10	0	4	9
3049	1	3	3	10	2	2	9
3050	1	2	2	1	1	1	0
3051	2	3	10	10	1	8	8
3053	1	6	6	10	5	5	9
3054	1	1	2	1	0	1	0
3055	3	6	8	1	3	5	-2
3058	1	10	10	10	9	9	9
3059	3	2	1	10	-1	-2	7
3062	2	10	10	10	8	8	8
3064	2	7	10	10	5	8	8
3066	1	1	5	9	0	4	8
3067	3	1	4	2	-2	1	-1
3070	2	10	10	10	8	8	8
3072	5	6	10	10	1	5	5
3077	5	2	3	4	-3	-2	-1
3082	4	1	2	1	-3	-2	-3
3086	1	3	10	10	2	9	9
3087	2	1	1	4	-1	-1	2
3089	5	10	10	10	5	5	5
3094	3	4	2	10	1	-1	7
3097	2	2	3	3	0	1	1
3099	1	1	3	3	0	2	2
3100	1	10	10	10	9	9	9
3101	1	2	1	10	1	0	9
3102	2	1	2	4	-1	0	2
3104	4	10	6	10	6	2	6
3108	4	3	3	10	-1	-1	6
3112	4	3	10	6	-1	6	2
3116	1	2	6	1	1	5	0
3117	8	6	6	10	-2	-2	2
3125	3	10	10	10	7	7	7
3128	4	1	4	10	-3	0	6
3132	2	10	10	10	8	8	8
3134	5	1	1	10	-4	-4	5
3139	1	4	6	10	3	5	9
3140	7	3	2	10	-4	-5	3
3147	7	6	6	10	-1	-1	3
3154	4	10	10	10	6	6	6
3158	1	1	1	2	0	0	1
3159	6	2	1	10	-4	-5	4
3165	2	1	2	1	-1	0	-1
3167	4	1	4	1	-3	0	-3
3171	2	2	3	10	0	1	8
3173	2	1	1	9	-1	-1	7
3175	4	2	2	10	-2	-2	6
3179	1	1	3	1	0	2	0
3180	3	3	3	10	0	0	7
3183	3	3	3	10	0	0	7
3186	1	6	10	10	5	9	9
3187	1	1	1	1	0	0	0
3188	1	1	1	1	0	0	0
3189	2	4	10	10	2	8	8
3191	2	1	3	10	-1	1	8
3193	1	1	3	6	0	2	5
3194	4	3	3	5	-1	-1	1
3198	2	1	1	1	-1	-1	-1
3200	2	2	4	1	0	2	-1
3202	2	3	9	5	1	7	3
3204	2	5	5	10	3	3	8
3206	1	10	10	10	9	9	9
3207	2	2	6	1	0	4	-1
3209	1	1	1	1	0	0	0
3210	4	3	9	10	-1	5	6
3214	2	3	10	10	1	8	8
3216	1	2	3	3	1	2	2
3217	2	1	2	10	-1	0	8
3219	1	1	1	3	0	0	2
3220	2	2	3	10	0	1	8
3222	1	3	10	10	2	9	9
3223	7	2	2	1	-5	-5	-6
3230	1	4	4	9	3	3	8
3231	1	2	1	2	1	0	1
3232	2	1	1	1	-1	-1	-1
3234	1	1	3	3	0	2	2
3235	3	10	10	10	7	7	7
3238	2	2	6	6	0	4	4
3240	3	3	1	10	0	-2	7
3243	1	3	3	5	2	2	4
3244	8	1	1	4	-7	-7	-4
3252	4	1	1	10	-3	-3	6
3256	1	1	2	1	0	1	0
3257	4	1	8	1	-3	4	-3
3261	2	1	1	10	-1	-1	8
3263	1	1	1	5	0	0	4
3264	3	4	4	6	1	1	3
3267	1	7	7	9	6	6	8
3268	3	1	3	10	-2	0	7
3271	2	1	2	2	-1	0	0
3273	3	3	4	4	0	1	1
3276	3	3	1	10	0	-2	7
3279	1	1	1	1	0	0	0
3280	2	2	2	10	0	0	8
3282	3	1	1	10	-2	-2	7
3285	3	7	10	9	4	7	6
3288	2	1	1	10	-1	-1	8
3290	1	3	4	6	2	3	5
3291	1	8	10	10	7	9	9
3292	1	3	3	4	2	2	3
3293	1	1	1	2	0	0	1
3294	1	3	5	2	2	4	1
3295	1	2	2	2	1	1	1
3296	3	1	1	10	-2	-2	7
3299	2	1	1	6	-1	-1	4
3301	1	7	10	10	6	9	9
3302	2	4	5	10	2	3	8
3304	3	3	6	1	0	3	-2
3307	2	1	1	1	-1	-1	-1
3309	4	1	6	10	-3	2	6
3313	1	1	1	1	0	0	0
3314	1	1	3	10	0	2	9
3315	2	1	1	5	-1	-1	3
3317	1	3	4	3	2	3	2
3318	1	1	4	1	0	3	0
3319	7	10	10	10	3	3	3
3326	5	10	10	10	5	5	5
3331	3	2	3	10	-1	0	7
3334	7	8	10	10	1	3	3
3341	1	2	3	3	1	2	2
3342	4	10	10	10	6	6	6
3346	5	4	3	10	-1	-2	5
3351	2	1	1	3	-1	-1	1
3353	4	1	3	10	-3	-1	6
3357	2	5	1	10	3	-1	8
3359	1	3	1	1	2	0	0
3360	3	10	10	10	7	7	7
3363	1	2	10	8	1	9	7
3364	2	1	1	3	-1	-1	1
3366	5	3	1	10	-2	-4	5
3371	1	2	2	1	1	1	0
3372	1	1	3	2	0	2	1
3373	1	0	0	2	-1	-1	1
3374	2	1	1	10	-1	-1	8
3376	2	1	3	1	-1	1	-1
3378	5	8	9	3	3	4	-2
3383	3	6	10	10	3	7	7
3386	1	3	10	10	2	9	9
3387	1	1	2	3	0	1	2
3388	1	1	3	10	0	2	9
3389	2	1	1	10	-1	-1	8
3391	1	2	2	4	1	1	3
3392	1	10	10	10	9	9	9
3393	6	1	1	10	-5	-5	4
3399	1	4	4	10	3	3	9
3400	2	10	6	10	8	4	8
3402	1	1	1	1	0	0	0
3403	1	1	1	1	0	0	0
3404	9	1	1	10	-8	-8	1
3413	1	3	1	3	2	0	2
3414	2	3	6	4	1	4	2
3416	2	6	1	10	4	-1	8
3418	1	2	4	10	1	3	9
3419	1	1	10	10	0	9	9
3420	2	1	3	1	-1	1	-1
3422	5	1	1	10	-4	-4	5
3427	1	2	3	5	1	2	4
3428	2	1	2	10	-1	0	8
3430	2	2	2	10	0	0	8
3432	3	10	10	10	7	7	7
3435	1	2	2	10	1	1	9
3436	1	2	2	1	1	1	0
3437	1	6	10	10	5	9	9
3438	1	2	2	2	1	1	1
3439	4	2	2	1	-2	-2	-3
3443	3	2	2	3	-1	-1	0
3446	1	5	5	10	4	4	9
3447	5	10	1	10	5	-4	5
3452	2	2	2	10	0	0	8
3454	1	3	3	1	2	2	0
3455	6	1	10	10	-5	4	4
3461	2	10	10	10	8	8	8
3463	1	0	0	10	-1	-1	9
3464	2	1	1	3	-1	-1	1
3466	1	3	3	10	2	2	9
3467	3	3	4	6	0	1	3
3470	1	2	3	3	1	2	2
3471	4	3	3	10	-1	-1	6
3475	3	4	10	10	1	7	7
3478	1	2	6	10	1	5	9
3479	4	1	3	10	-3	-1	6
3483	3	1	2	3	-2	-1	0
3486	1	3	3	1	2	2	0
3487	1	1	1	4	0	0	3
3488	1	1	2	1	0	1	0
3489	2	1	1	9	-1	-1	7
3491	2	2	3	10	0	1	8
3493	1	1	3	1	0	2	0
3494	1	1	1	2	0	0	1
3495	2	1	1	1	-1	-1	-1
3497	3	1	1	7	-2	-2	4
3500	3	1	1	9	-2	-2	6
3503	4	1	3	10	-3	-1	6
3507	2	6	7	3	4	5	1
3509	6	2	2	10	-4	-4	4
3515	1	3	8	2	2	7	1
3516	3	1	3	6	-2	0	3
3519	2	1	1	1	-1	-1	-1
3521	3	1	1	10	-2	-2	7
3524	1	6	9	3	5	8	2
3525	2	10	10	10	8	8	8
3527	4	1	2	10	-3	-2	6
3531	4	5	10	10	1	6	6
3535	4	3	9	10	-1	5	6
3539	1	10	10	3	9	9	2
3540	3	1	1	10	-2	-2	7
3543	4	3	10	10	-1	6	6
3547	2	1	1	10	-1	-1	8
3549	1	4	6	9	3	5	8
3550	1	2	1	10	1	0	9
3551	4	3	3	10	-1	-1	6
3555	1	1	1	1	0	0	0
3556	2	1	1	10	-1	-1	8
3558	4	2	4	10	-2	0	6
3562	5	8	8	10	3	3	5
3567	3	1	1	3	-2	-2	0
3570	3	2	10	10	-1	7	7
3573	1	1	1	2	0	0	1
3574	2	10	10	10	8	8	8
3576	1	1	1	10	0	0	9
3577	1	2	2	6	1	1	5
3578	6	3	10	7	-3	4	1
3584	1	2	4	8	1	3	7
3585	2	1	2	2	-1	0	0
3587	4	10	10	10	6	6	6
3591	2	1	1	9	-1	-1	7
3593	2	1	2	2	-1	0	0
3595	4	1	1	10	-3	-3	6
3599	1	7	9	10	6	8	9
3600	4	4	4	3	0	0	-1
3604	2	1	3	10	-1	1	8
3606	2	1	1	6	-1	-1	4
3608	1	2	10	6	1	9	5
3609	1	2	4	3	1	3	2
3610	2	3	6	3	1	4	1
3612	1	1	3	10	0	2	9
3613	1	4	4	2	3	3	1
3614	1	3	3	10	2	2	9
3615	1	3	5	1	2	4	0
3616	2	2	10	2	0	8	0
3618	2	1	1	4	-1	-1	2
3620	1	1	1	10	0	0	9
3621	1	2	2	4	1	1	3
3622	4	1	1	10	-3	-3	6
3626	2	1	1	1	-1	-1	-1
3628	4	1	10	10	-3	6	6
3632	1	4	4	10	3	3	9
3633	3	2	2	1	-1	-1	-2
3636	5	10	10	10	5	5	5
3641	3	5	10	6	2	7	3
3644	2	6	4	3	4	2	1
3646	4	2	2	10	-2	-2	6
3650	3	2	2	10	-1	-1	7
3653	4	1	4	10	-3	0	6
3657	3	1	2	1	-2	-1	-2
3660	3	1	1	9	-2	-2	6
3663	1	1	2	1	0	1	0
3664	4	4	2	9	0	-2	5
3668	1	10	10	2	9	9	1
3669	2	1	1	4	-1	-1	2
3671	2	3	3	10	1	1	8
3673	1	2	2	3	1	1	2
3674	1	1	1	1	0	0	0
3675	1	2	2	10	1	1	9
3676	3	1	10	5	-2	7	2
3679	4	1	1	10	-3	-3	6
3683	3	3	3	7	0	0	4
3686	1	2	4	10	1	3	9
3687	1	10	10	10	9	9	9
3688	2	4	10	10	2	8	8
3690	2	1	10	10	-1	8	8
3692	2	1	2	10	-1	0	8
3694	2	1	2	1	-1	0	-1
3696	3	10	10	10	7	7	7
3699	1	6	6	10	5	5	9
3700	2	4	4	1	2	2	-1
3702	3	6	5	10	3	2	7
3705	3	2	6	10	-1	3	7
3708	4	8	7	10	4	3	6
3712	1	2	2	10	1	1	9
3713	1	1	1	10	0	0	9
3714	1	7	9	10	6	8	9
3715	3	7	7	10	4	4	7
3718	2	7	10	10	5	8	8
3720	1	3	4	10	2	3	9
3721	3	2	2	10	-1	-1	7
3724	2	2	2	1	0	0	-1
3726	3	3	6	1	0	3	-2
3729	3	1	10	10	-2	7	7
3732	3	1	3	9	-2	0	6
3735	9	2	1	10	-7	-8	1
3744	1	4	8	1	3	7	0
3745	4	10	10	10	6	6	6
3749	5	1	1	3	-4	-4	-2
3754	2	2	10	8	0	8	6
3756	2	1	2	10	-1	0	8
3758	5	1	10	10	-4	5	5
3763	1	2	3	9	1	2	8
3764	2	2	7	10	0	5	8
3766	1	4	10	10	3	9	9
3767	2	2	2	10	0	0	8
3769	2	3	6	4	1	4	2
3771	3	8	8	10	5	5	7
3774	2	4	9	10	2	7	8
3776	1	1	1	1	0	0	0
3777	1	2	4	10	1	3	9
3778	1	2	6	10	1	5	9
3779	5	2	4	10	-3	-1	5
3784	2	3	4	10	1	2	8
3786	2	1	2	10	-1	0	8
3788	4	6	3	10	2	-1	6
3792	2	9	2	10	7	0	8
3794	2	2	5	2	0	3	0
3796	4	4	10	10	0	6	6
3800	3	1	1	2	-2	-2	-1
3803	3	10	10	10	7	7	7
3806	3	1	1	1	-2	-2	-2
3809	3	1	1	4	-2	-2	1
3812	1	4	2	10	3	1	9
3813	1	1	1	7	0	0	6
3814	7	6	3	10	-1	-4	3
3821	2	2	3	7	0	1	5
3823	2	2	2	10	0	0	8
3825	6	4	2	10	-2	-4	4
3831	4	2	4	10	-2	0	6
3835	2	4	10	10	2	8	8
3837	2	2	10	10	0	8	8
3839	2	1	1	10	-1	-1	8
3841	4	2	10	10	-2	6	6
3845	4	4	1	9	0	-3	5
3849	5	2	2	10	-3	-3	5
3854	1	1	10	10	0	9	9
3855	1	1	2	1	0	1	0
3856	2	1	1	2	-1	-1	0
3858	1	1	4	4	0	3	3
3859	2	2	6	10	0	4	8
3861	2	1	1	2	-1	-1	0
3863	6	2	2	2	-4	-4	-4
3869	2	3	4	4	1	2	2
3871	1	0	0	3	-1	-1	2
3872	2	1	1	10	-1	-1	8
3874	2	1	1	10	-1	-1	8
3876	4	1	2	2	-3	-2	-2
3880	3	2	1	10	-1	-2	7
3883	2	1	1	1	-1	-1	-1
3885	2	2	4	1	0	2	-1
3887	1	1	4	9	0	3	8
3888	1	1	2	2	0	1	1
3889	2	1	1	3	-1	-1	1
3891	1	1	1	3	0	0	2
3892	2	1	1	10	-1	-1	8
3894	3	10	10	10	7	7	7
3897	3	3	3	10	0	0	7
3900	2	1	2	10	-1	0	8
3902	1	4	4	3	3	3	2
3903	3	1	1	10	-2	-2	7
3906	1	1	3	6	0	2	5
3907	2	1	1	4	-1	-1	2
3909	2	2	2	10	0	0	8
3911	2	1	3	6	-1	1	4
3913	4	3	10	10	-1	6	6
3917	2	10	10	10	8	8	8
3919	1	2	7	10	1	6	9
3920	1	1	1	1	0	0	0
3921	3	2	2	10	-1	-1	7
3924	1	2	7	10	1	6	9
3925	2	1	3	3	-1	1	1
3927	4	10	10	10	6	6	6
3931	1	1	3	2	0	2	1
3932	1	2	9	10	1	8	9
3933	1	3	3	10	2	2	9
3934	1	1	4	10	0	3	9
3935	1	2	1	2	1	0	1
3936	2	1	3	10	-1	1	8
3938	4	3	3	10	-1	-1	6
3942	1	10	9	10	9	8	9
3943	2	1	1	10	-1	-1	8
3945	3	1	1	10	-2	-2	7
3948	4	10	10	10	6	6	6
3952	1	2	6	10	1	5	9
3953	1	3	10	10	2	9	9
3954	2	4	4	1	2	2	-1
3956	1	3	6	10	2	5	9
3957	3	1	1	10	-2	-2	7
3960	3	2	3	10	-1	0	7
3963	1	2	2	1	1	1	0
3964	3	2	2	8	-1	-1	5
3967	3	7	7	3	4	4	0
3970	1	1	3	3	0	2	2
3971	2	6	1	1	4	-1	-1
3973	1	2	3	3	1	2	2
3974	2	4	8	9	2	6	7
3976	1	2	4	4	1	3	3
3977	1	2	3	5	1	2	4
3978	1	2	4	10	1	3	9
3979	3	6	6	10	3	3	7
3982	3	3	2	10	0	-1	7
3985	1	1	1	1	0	0	0
3986	1	4	10	10	3	9	9
3987	1	2	3	3	1	2	2
3988	5	10	10	10	5	5	5
3993	3	1	1	10	-2	-2	7
3996	1	10	10	10	9	9	9
3997	3	8	1	10	5	-2	7
4000	2	10	10	1	8	8	-1
4002	2	4	8	10	2	6	8
4004	1	2	3	6	1	2	5
4005	3	1	1	10	-2	-2	7
4008	2	2	2	10	0	0	8
4010	1	1	1	1	0	0	0
4011	1	1	1	1	0	0	0
4012	1	1	1	1	0	0	0
4013	3	10	10	10	7	7	7
4016	2	1	7	6	-1	5	4
4018	1	2	3	3	1	2	2
4019	2	1	10	10	-1	8	8
4021	2	1	1	1	-1	-1	-1
4023	4	2	2	10	-2	-2	6
4027	2	1	1	3	-1	-1	1
4029	1	3	3	4	2	2	3
4030	2	1	1	1	-1	-1	-1
4032	4	9	10	10	5	6	6
4036	1	5	6	10	4	5	9
4037	5	2	2	10	-3	-3	5
4042	1	3	3	1	2	2	0
4043	1	8	10	10	7	9	9
4044	2	2	6	3	0	4	1
4046	3	1	7	10	-2	4	7
4049	1	6	6	10	5	5	9
4050	2	2	3	3	0	1	1
4052	4	2	2	1	-2	-2	-3
4056	1	1	1	1	0	0	0
4057	1	1	1	3	0	0	2
4058	1	2	4	10	1	3	9
4059	1	1	1	1	0	0	0
4060	2	1	1	10	-1	-1	8
4062	5	1	2	10	-4	-3	5
4067	1	1	1	7	0	0	6
4068	4	1	3	1	-3	-1	-3
4072	1	1	3	4	0	2	3
4073	2	1	1	1	-1	-1	-1
4075	5	1	4	10	-4	-1	5
4080	5	6	6	10	1	1	5
4085	3	10	10	10	7	7	7
4088	1	2	8	4	1	7	3
4089	5	1	1	10	-4	-4	5
4094	3	1	1	10	-2	-2	7
4097	2	1	1	1	-1	-1	-1
4099	1	1	1	4	0	0	3
4100	1	4	4	10	3	3	9
4101	6	10	4	3	4	-2	-3
4107	3	6	6	3	3	3	0
4110	1	1	1	4	0	0	3
4111	1	2	10	10	1	9	9
4112	2	1	1	10	-1	-1	8
4114	1	1	1	1	0	0	0
4115	1	0	0	10	-1	-1	9
4116	1	1	1	7	0	0	6
4117	1	1	3	3	0	2	2
4118	3	10	10	6	7	7	3
4121	1	1	2	3	0	1	2
4122	3	1	3	1	-2	0	-2
4125	2	1	2	10	-1	0	8
4127	1	1	2	1	0	1	0
4128	1	1	3	1	0	2	0
4129	3	3	3	10	0	0	7
4132	7	2	10	10	-5	3	3
4139	6	3	3	10	-3	-3	4
4145	1	8	8	6	7	7	5
4146	6	5	10	10	-1	4	4
4152	1	3	3	10	2	2	9
4153	2	2	4	10	0	2	8
4155	1	1	3	3	0	2	2
4156	1	1	3	1	0	2	0
4157	1	1	3	1	0	2	0
4158	1	3	5	4	2	4	3
4159	2	10	10	10	8	8	8
4161	1	3	10	10	2	9	9
4162	4	3	6	6	-1	2	2
4166	1	1	3	4	0	2	3
4167	1	1	1	2	0	0	1
4168	2	3	9	3	1	7	1
4170	3	3	10	9	0	7	6
4173	2	2	5	5	0	3	3
4175	1	1	1	1	0	0	0
4176	2	2	2	1	0	0	-1
4178	1	1	1	2	0	0	1
4179	2	6	6	10	4	4	8
4181	5	2	6	8	-3	1	3
4186	8	3	10	10	-5	2	2
4194	3	6	2	1	3	-1	-2
4197	1	3	3	7	2	2	6
4198	6	10	10	10	4	4	4
4204	1	1	3	10	0	2	9
4205	2	1	1	9	-1	-1	7
4207	6	1	1	10	-5	-5	4
4213	5	4	10	10	-1	5	5
4218	1	3	10	10	2	9	9
4219	2	6	1	10	4	-1	8
4221	3	10	10	10	7	7	7
4224	2	1	1	8	-1	-1	6
4226	1	1	3	4	0	2	3
4227	2	1	1	1	-1	-1	-1
4229	4	1	1	1	-3	-3	-3
4233	1	1	1	1	0	0	0
4234	3	2	4	4	-1	1	1
4237	3	9	1	10	6	-2	7
4240	1	1	1	3	0	0	2
4241	3	1	1	4	-2	-2	1
4244	5	1	1	10	-4	-4	5
4249	1	2	4	10	1	3	9
4250	3	1	1	3	-2	-2	0
4253	3	1	3	3	-2	0	0
4256	3	2	9	10	-1	6	7
4259	2	1	1	1	-1	-1	-1
4261	3	2	4	10	-1	1	7
4264	2	10	2	10	8	0	8
4266	1	2	10	10	1	9	9
4267	3	3	6	10	0	3	7
4270	3	1	2	1	-2	-1	-2
4273	1	2	2	1	1	1	0
4274	2	1	2	10	-1	0	8
4276	3	1	1	1	-2	-2	-2
4279	1	2	3	3	1	2	2
4280	2	2	4	6	0	2	4
4282	1	6	10	10	5	9	9
4283	1	6	6	10	5	5	9
4284	1	2	2	10	1	1	9
4285	1	1	1	1	0	0	0
4286	1	4	10	10	3	9	9
4287	4	1	1	10	-3	-3	6
4291	3	2	2	3	-1	-1	0
4294	2	1	5	10	-1	3	8
4296	6	6	10	10	0	4	4
4302	1	2	1	7	1	0	6
4303	1	1	2	1	0	1	0
4304	5	1	2	1	-4	-3	-4
4309	4	3	3	1	-1	-1	-3
4313	1	1	1	1	0	0	0
4314	2	2	2	8	0	0	6
4316	3	1	5	10	-2	2	7
4319	3	1	2	1	-2	-1	-2
4322	2	1	2	10	-1	0	8
4324	3	2	3	10	-1	0	7
4327	4	1	3	10	-3	-1	6
4331	1	2	4	6	1	3	5
4332	2	1	1	1	-1	-1	-1
4334	1	10	10	10	9	9	9
4335	2	2	2	1	0	0	-1
4337	1	1	1	2	0	0	1
4338	1	1	4	10	0	3	9
4339	1	9	1	4	8	0	3
4340	1	4	5	4	3	4	3
4341	4	10	10	10	6	6	6
4345	4	3	3	6	-1	-1	2
4349	2	7	1	9	5	-1	7
4351	4	1	4	10	-3	0	6
4355	1	1	3	2	0	2	1
4356	1	3	3	2	2	2	1
4357	2	2	2	10	0	0	8
4359	1	1	1	7	0	0	6
4360	2	10	3	10	8	1	8
4362	2	1	1	8	-1	-1	6
4364	1	2	2	1	1	1	0
4365	1	2	2	1	1	1	0
4366	4	2	7	10	-2	3	6
4370	2	1	2	1	-1	0	-1
4372	2	1	1	6	-1	-1	4
4374	2	1	4	10	-1	2	8
4376	3	1	1	10	-2	-2	7
4379	1	6	4	10	5	3	9
4380	2	2	2	10	0	0	8
4382	3	1	4	2	-2	1	-1
4385	6	2	6	3	-4	0	-3
4391	1	2	2	10	1	1	9
4392	3	10	10	6	7	7	3
4395	2	2	2	10	0	0	8
4397	1	1	1	7	0	0	6
4398	2	1	3	10	-1	1	8
4400	2	4	8	3	2	6	1
4402	3	4	4	10	1	1	7
4405	1	10	10	10	9	9	9
4406	1	1	1	8	0	0	7
4407	1	4	10	10	3	9	9
4408	5	10	3	3	5	-2	-2
4413	3	1	2	5	-2	-1	2
4416	2	10	10	10	8	8	8
4418	4	10	10	10	6	6	6
4422	1	2	2	10	1	1	9
4423	2	8	10	10	6	8	8
4425	2	1	1	2	-1	-1	0
4427	2	1	3	8	-1	1	6
4429	4	10	9	10	6	5	6
4433	1	2	2	10	1	1	9
4434	4	3	4	3	-1	0	-1
4438	2	1	3	10	-1	1	8
4440	3	3	6	3	0	3	0
4443	2	2	3	2	0	1	0
4445	1	1	10	10	0	9	9
4446	6	1	3	10	-5	-3	4
4452	2	3	1	1	1	-1	-1
4454	2	6	2	10	4	0	8
4456	3	1	1	4	-2	-2	1
4459	5	2	2	1	-3	-3	-4
4464	3	10	10	10	7	7	7
4467	2	1	1	10	-1	-1	8
4469	7	10	10	10	3	3	3
4476	2	1	1	10	-1	-1	8
4478	1	1	10	6	0	9	5
4479	2	1	1	1	-1	-1	-1
4481	1	2	10	10	1	9	9
4482	2	1	1	2	-1	-1	0
4484	2	1	2	1	-1	0	-1
4486	1	1	1	1	0	0	0
4487	2	2	3	1	0	1	-1
4489	2	1	1	2	-1	-1	0
4491	4	1	5	8	-3	1	4
4495	2	1	2	2	-1	0	0
4497	1	1	6	7	0	5	6
4498	1	2	4	3	1	3	2
4499	2	4	3	10	2	1	8
4501	1	1	4	4	0	3	3
4502	3	6	7	5	3	4	2
4505	2	1	4	9	-1	2	7
4507	2	1	1	1	-1	-1	-1
4509	2	2	3	10	0	1	8
4511	1	1	5	10	0	4	9
4512	2	10	10	10	8	8	8
4514	5	1	2	1	-4	-3	-4
4519	1	3	8	10	2	7	9
4520	2	1	2	10	-1	0	8
4522	4	2	2	10	-2	-2	6
4526	1	9	10	4	8	9	3
4527	3	4	7	6	1	4	3
4530	5	3	3	7	-2	-2	2
4535	1	2	2	10	1	1	9
4536	1	1	3	10	0	2	9
4537	1	1	3	4	0	2	3
4538	5	1	1	10	-4	-4	5
4543	4	1	1	2	-3	-3	-2
4547	1	4	2	6	3	1	5
4548	5	2	2	9	-3	-3	4
4553	1	10	10	6	9	9	5
4554	3	2	2	2	-1	-1	-1
4557	4	1	1	10	-3	-3	6
4561	2	10	10	10	8	8	8
4563	1	4	8	10	3	7	9
4564	2	1	2	1	-1	0	-1
4566	2	2	3	4	0	1	2
4568	1	4	1	10	3	0	9
4569	1	2	3	3	1	2	2
4570	1	3	3	1	2	2	0
4571	1	3	9	9	2	8	8
4572	8	10	10	10	2	2	2
4580	2	6	6	4	4	4	2
4582	1	1	6	5	0	5	4
4583	6	10	1	10	4	-5	4
4589	5	4	2	1	-1	-3	-4
4594	6	10	1	10	4	-5	4
4600	4	5	10	6	1	6	2
4604	1	1	1	1	0	0	0
4605	3	10	10	10	7	7	7
4608	3	3	8	3	0	5	0
4611	1	1	4	10	0	3	9
4612	1	2	3	4	1	2	3
4613	4	2	2	10	-2	-2	6
4617	1	1	1	4	0	0	3
4618	1	1	1	6	0	0	5
4619	4	2	2	6	-2	-2	2
4623	3	1	2	8	-2	-1	5
4626	1	1	2	10	0	1	9
4627	2	1	1	10	-1	-1	8
4629	1	1	1	8	0	0	7
4630	2	1	2	1	-1	0	-1
4632	4	3	10	10	-1	6	6
4636	2	1	1	9	-1	-1	7
4638	3	3	8	10	0	5	7
4641	4	4	10	10	0	6	6
4645	1	0	0	1	-1	-1	0
4646	2	1	6	10	-1	4	8
4648	3	2	2	10	-1	-1	7
4651	2	1	2	1	-1	0	-1
4653	2	1	8	10	-1	6	8
4655	3	1	7	10	-2	4	7
4658	1	4	8	7	3	7	6
4659	2	2	9	10	0	7	8
4661	1	10	10	4	9	9	3
4662	4	10	10	10	6	6	6
4666	2	9	5	10	7	3	8
4668	1	2	2	3	1	1	2
4669	2	1	2	2	-1	0	0
4671	4	6	10	6	2	6	2
4675	5	4	4	6	-1	-1	1
4680	2	10	10	10	8	8	8
4682	1	1	1	1	0	0	0
4683	1	3	6	10	2	5	9
4684	2	2	2	1	0	0	-1
4686	4	6	6	10	2	2	6
4690	2	1	1	10	-1	-1	8
4692	2	2	2	9	0	0	7
4694	1	2	2	1	1	1	0
4695	2	2	2	6	0	0	4
4697	4	3	10	10	-1	6	6
4701	2	1	1	2	-1	-1	0
4703	2	1	1	1	-1	-1	-1
4705	3	1	1	10	-2	-2	7
4708	2	1	2	1	-1	0	-1
4710	2	3	3	3	1	1	1
4712	2	1	6	10	-1	4	8
4714	4	1	1	10	-3	-3	6
4718	2	2	3	6	0	1	4
4720	4	2	1	4	-2	-3	0
4724	2	10	10	10	8	8	8
4726	6	5	3	10	-1	-3	4
4732	3	7	9	10	4	6	7
4735	5	9	10	9	4	5	4
4740	1	10	10	10	9	9	9
4741	1	6	10	10	5	9	9
4742	4	4	10	6	0	6	2
4746	1	1	2	3	0	1	2
4747	3	1	1	4	-2	-2	1
4750	1	2	4	1	1	3	0
4751	1	4	8	3	3	7	2
4752	7	1	4	9	-6	-3	2
4759	5	4	10	10	-1	5	5
4764	1	1	10	10	0	9	9
4765	3	1	2	1	-2	-1	-2
4768	3	1	1	2	-2	-2	-1
4771	3	10	9	10	7	6	7
4774	6	1	10	10	-5	4	4
4780	7	1	2	10	-6	-5	3
4787	7	2	10	10	-5	3	3
4794	2	1	2	3	-1	0	1
4796	2	10	10	1	8	8	-1
4798	2	2	6	10	0	4	8
4800	2	1	3	10	-1	1	8
4802	1	2	10	10	1	9	9
4803	1	3	3	3	2	2	2
4804	2	1	1	4	-1	-1	2
4806	2	1	1	10	-1	-1	8
4808	4	5	10	10	1	6	6
4812	1	1	1	3	0	0	2
4813	5	10	10	10	5	5	5
4818	1	5	4	10	4	3	9
4819	4	10	10	10	6	6	6
4823	1	2	8	10	1	7	9
4824	1	1	10	10	0	9	9
4825	2	1	1	2	-1	-1	0
4827	4	4	6	10	0	2	6
4831	6	2	2	10	-4	-4	4
4837	2	3	10	10	1	8	8
4839	2	3	10	10	1	8	8
4841	4	1	5	10	-3	1	6
4845	2	1	1	3	-1	-1	1
4847	4	8	2	10	4	-2	6
4851	3	3	4	10	0	1	7
4854	2	10	5	9	8	3	7
4856	1	1	3	1	0	2	0
4857	6	3	3	9	-3	-3	3
4863	4	1	2	2	-3	-2	-2
4867	2	1	3	10	-1	1	8
4869	1	1	2	1	0	1	0
4870	3	5	3	10	2	0	7
4873	1	1	2	2	0	1	1
4874	3	4	4	1	1	1	-2
4877	2	1	1	1	-1	-1	-1
4879	1	0	0	4	-1	-1	3
4880	6	4	6	3	-2	0	-3
4886	2	3	6	3	1	4	1
4888	3	2	2	1	-1	-1	-2
4891	2	10	10	1	8	8	-1
4893	1	2	2	10	1	1	9
4894	2	1	1	10	-1	-1	8
4896	2	1	2	1	-1	0	-1
4898	1	1	2	1	0	1	0
4899	2	3	10	10	1	8	8
4901	1	1	1	4	0	0	3
4902	2	2	4	1	0	2	-1
4904	1	1	1	2	0	0	1
4905	3	1	2	1	-2	-1	-2
4908	1	1	1	4	0	0	3
4909	2	2	6	10	0	4	8
4911	6	2	10	10	-4	4	4
4917	3	3	1	2	0	-2	-1
4920	7	1	10	10	-6	3	3
4927	3	1	1	10	-2	-2	7
4930	2	10	10	9	8	8	7
4932	2	2	7	3	0	5	1
4934	1	3	3	9	2	2	8
4935	3	6	6	1	3	3	-2
4938	2	1	1	10	-1	-1	8
4940	5	1	1	10	-4	-4	5
4945	2	1	1	10	-1	-1	8
4947	1	3	10	10	2	9	9
4948	1	2	4	10	1	3	9
4949	3	10	10	10	7	7	7
4952	3	10	10	10	7	7	7
4955	1	0	0	8	-1	-1	7
4956	1	4	10	10	3	9	9
4957	3	1	4	10	-2	1	7
4960	1	2	2	10	1	1	9
4961	6	1	4	2	-5	-2	-4
4967	7	7	8	5	0	1	-2
4974	2	1	2	2	-1	0	0
4976	3	10	2	10	7	-1	7
4979	4	1	1	1	-3	-3	-3
4983	3	10	10	10	7	7	7
4986	1	1	1	2	0	0	1
4987	5	1	4	10	-4	-1	5
4992	2	1	1	10	-1	-1	8
4994	3	1	1	6	-2	-2	3
4997	2	1	1	1	-1	-1	-1
4999	7	10	6	10	3	-1	3
5006	2	1	6	10	-1	4	8
5008	4	1	1	10	-3	-3	6
5012	4	2	2	10	-2	-2	6
5016	5	3	3	10	-2	-2	5
5021	2	2	1	1	0	-1	-1
5023	3	3	3	7	0	0	4
5026	1	10	10	10	9	9	9
5027	1	2	7	10	1	6	9
5028	1	1	1	1	0	0	0
5029	1	2	4	1	1	3	0
5030	1	3	6	6	2	5	5
5031	4	7	3	10	3	-1	6
5035	4	10	10	10	6	6	6
5039	1	1	7	10	0	6	9
5040	5	1	10	10	-4	5	5
5045	2	1	3	3	-1	1	1
5047	1	1	1	4	0	0	3
5048	1	1	2	10	0	1	9
5049	1	1	1	1	0	0	0
5050	2	1	10	10	-1	8	8
5052	1	1	3	3	0	2	2
5053	3	7	6	10	4	3	7
5056	2	1	1	3	-1	-1	1
5058	1	4	5	10	3	4	9
5059	2	3	4	10	1	2	8
5061	1	3	6	10	2	5	9
5062	1	10	10	10	9	9	9
5063	2	3	3	3	1	1	1
5065	3	1	4	4	-2	1	1
5068	1	1	1	1	0	0	0
5069	2	1	10	10	-1	8	8
5071	1	1	1	1	0	0	0
5072	2	2	1	10	0	-1	8
5074	1	1	1	4	0	0	3
5075	1	4	10	10	3	9	9
5076	1	3	3	10	2	2	9
5077	6	3	1	10	-3	-5	4
5083	3	8	10	10	5	7	7
5086	2	1	1	10	-1	-1	8
5088	1	1	4	10	0	3	9
5089	2	2	1	2	0	-1	0
5091	2	2	1	2	0	-1	0
5093	2	1	6	5	-1	4	3
5095	5	1	1	10	-4	-4	5
5100	2	1	3	10	-1	1	8
5102	2	1	4	6	-1	2	4
5104	5	3	7	5	-2	2	0
5109	1	1	1	1	0	0	0
5110	5	10	10	9	5	5	4
5115	1	3	3	7	2	2	6
5116	1	2	3	3	1	2	2
5117	2	7	10	9	5	8	7
5119	1	2	2	10	1	1	9
5120	2	2	2	2	0	0	0
5122	3	8	3	10	5	0	7
5125	3	2	2	5	-1	-1	2
5128	1	1	2	3	0	1	2
5129	2	1	2	10	-1	0	8
5131	1	3	3	3	2	2	2
5132	1	1	1	1	0	0	0
5133	5	10	10	10	5	5	5
5138	1	3	6	4	2	5	3
5139	2	1	1	10	-1	-1	8
5141	3	2	2	2	-1	-1	-1
5144	3	1	1	1	-2	-2	-2
5147	2	9	9	10	7	7	8
5149	1	1	1	1	0	0	0
5150	1	8	10	5	7	9	4
5151	1	1	1	1	0	0	0
5152	2	1	1	6	-1	-1	4
5154	2	1	3	3	-1	1	1
5156	2	3	4	10	1	2	8
5158	1	1	1	1	0	0	0
5159	1	8	8	2	7	7	1
5160	2	1	1	8	-1	-1	6
5162	2	1	1	10	-1	-1	8
5164	2	3	5	10	1	3	8
5166	1	1	1	3	0	0	2
5167	2	2	2	3	0	0	1
5169	1	1	1	10	0	0	9
5170	1	1	1	1	0	0	0
5171	1	6	10	2	5	9	1
5172	2	1	1	7	-1	-1	5
5174	2	1	3	1	-1	1	-1
5176	1	3	6	10	2	5	9
5177	2	3	6	6	1	4	4
5179	2	1	1	5	-1	-1	3
5181	2	3	3	2	1	1	0
5183	2	2	10	10	0	8	8
5185	1	4	4	10	3	3	9
5186	1	1	1	1	0	0	0
5187	1	1	1	2	0	0	1
5188	2	1	1	7	-1	-1	5
5190	2	1	2	6	-1	0	4
5192	1	1	6	2	0	5	1
5193	4	2	2	4	-2	-2	0
5197	1	1	1	2	0	0	1
5198	1	1	1	1	0	0	0
5199	2	1	2	4	-1	0	2
5201	1	0	0	1	-1	-1	0
5202	2	2	2	10	0	0	8
5204	3	2	2	10	-1	-1	7
5207	2	1	1	1	-1	-1	-1
5209	3	2	3	4	-1	0	1
5212	4	3	4	4	-1	0	0
5216	1	1	3	1	0	2	0
5217	1	1	1	10	0	0	9
5218	1	9	1	10	8	0	9
5219	2	1	10	10	-1	8	8
5221	1	1	1	4	0	0	3
5222	2	1	2	5	-1	0	3
5224	3	10	10	10	7	7	7
5227	2	4	10	10	2	8	8
5229	2	1	1	3	-1	-1	1
5231	1	4	8	10	3	7	9
5232	2	3	6	10	1	4	8
5234	2	1	3	3	-1	1	1
5236	2	3	10	10	1	8	8
5238	3	1	1	10	-2	-2	7
5241	1	1	1	10	0	0	9
5242	1	3	5	10	2	4	9
5243	1	1	1	1	0	0	0
5244	1	1	1	2	0	0	1
5245	4	4	2	10	0	-2	6
5249	4	2	3	9	-2	-1	5
5253	3	6	9	7	3	6	4
5256	2	3	4	4	1	2	2
5258	1	1	3	1	0	2	0
5259	3	1	1	1	-2	-2	-2
5262	1	1	10	9	0	9	8
5263	1	1	1	10	0	0	9
5264	2	1	1	1	-1	-1	-1
5266	1	1	1	10	0	0	9
5267	2	6	2	10	4	0	8
